    0        36.008885   1490  146047  0.78000016964866     -208.457108         312.56970083340275    20985534.3695  54.522  1  0   5   2  31
    0        37.015885   1490  146048  0.78700034110292     -208.903839         522.79149028920801    20985585.6085  54.421  1  0   5   2  31
    0        38.015885   1490  146049  0.78700051123171     -209.368515         731.82550076255575    20985636.7349  54.449  1  0   5   2  31
    0        39.015885   1490  146050  0.78700068130584     -209.398987         941.11936811985652    20985687.8995  54.427  1  0   5   2  31
    0        40.015885   1490  146051  0.78700085172899     -209.640579        1150.68332645233022    20985739.1380  54.518  1  0   5   2  31
    0        41.015885   1490  146052  0.78700102262706     -209.936539        1360.50573355136294    20985790.4466  54.509  1  0   5   2  31
    0        42.015886   1490  146053  0.78700119432148     -210.137802        1570.59549451606290    20985841.7560  54.433  1  0   5   2  31
    0        43.015886   1490  146054  0.78700136575878     -210.644424        1780.94860720763972    20985893.0446  54.469  1  0   5   2  31
    0        44.015886   1490  146055  0.78700153760728     -210.687653        1991.54587519772031    20985944.4172  54.480  1  0   5   2  31
    0        45.015886   1490  146056  0.78700170881533     -210.995407        2202.43208151376166    20985995.9970  54.408  1  0   5   2  31
    0        46.015886   1490  146057  0.78700188057126     -211.304993        2413.56997034719097    20986047.4852  54.514  1  0   5   2  31
    0        47.015887   1490  146058  0.78700205263090     -211.686218        2624.98175048985286    20986099.0950  54.478  1  0   5   2  31
    0        48.015887   1490  146059  0.78700222479143     -211.793030        2836.64307110747905    20986150.8109  54.350  1  0   5   2  31
    0        49.015887   1490  146060  0.78700239762457     -212.100159        3048.57349199273449    20986202.5689  54.432  1  0   5   2  31
    0        50.015887   1490  146061  0.78700257023387     -212.360504        3260.75891169974784    20986254.4417  54.525  1  0   5   2  31
    0        51.015887   1490  146062  0.78700274360124     -212.532425        3473.21944933813938    20986306.4687  54.538  1  0   5   2  31
    0        52.015887   1490  146063  0.78700291688478     -212.940002        3685.93835982457676    20986358.4449  54.465  1  0   5   2  31
    0        53.015888   1490  146064  0.78700309033794     -213.052383        3898.91582883345836    20986410.4806  54.479  1  0   5   2  31
    0        54.015888   1490  146065  0.78700326404995     -213.335770        4112.15067437541438    20986462.5762  54.374  1  0   5   2  31
    0        55.015888   1490  146066  0.78700343805785     -213.540710        4325.63936243123317    20986514.5386  54.471  1  0   5   2  31
    0        56.015888   1490  146067  0.78700361244169     -213.933777        4539.41916562492406    20986566.6098  54.334  1  0   5   2  31
    0        57.015888   1490  146068  0.78700378709818     -214.243149        4753.45576777899259    20986618.8100  54.456  1  0   5   2  31
    0        58.015888   1490  146069  0.78700396162068     -214.594925        4967.75317353085848    20986671.0406  54.494  1  0   5   2  31
    0        59.015889   1490  146070  0.78700413673047     -214.720703        5182.30427788425732    20986723.5493  54.496  1  0   5   2  31
    0        60.015889   1490  146071  0.78700431145724     -214.867630        5397.12248979815922    20986776.0597  54.465  1  0   5   2  31
    0        61.015889   1490  146072  0.78700448679138     -215.171478        5612.20861170656281    20986828.6841  54.470  1  0   5   2  31
    0        62.015889   1490  146073  0.78700466211439     -215.400314        5827.54880685681565    20986881.3045  54.434  1  0   5   2  31
    0        63.015889   1490  146074  0.78700483791284     -215.723495        6043.14880427106255    20986933.9429  54.497  1  0   5   2  31
    0        64.015889   1490  146075  0.78700501403862     -215.799377        6259.01595560119313    20986986.5825  54.393  1  0   5   2  31
    0        65.015890   1490  146076  0.78700519025260     -216.299881        6475.14771988072607    20987039.3266  54.356  1  0   5   2  31
    0        66.015890   1490  146077  0.78700536679545     -216.506973        6691.53792260214686    20987092.1591  54.449  1  0   5   2  31
    0        67.015890   1490  146078  0.78700554341130     -216.722137        6908.20593051376636    20987145.0014  54.413  1  0   5   2  31
    0        68.015890   1490  146079  0.78700572005722     -217.010422        7125.11515904300177    20987197.8028  54.477  1  0   5   2  31
    0        69.015890   1490  146080  0.78700589719673     -217.319550        7342.31177421022585    20987250.9307  54.407  1  0   5   2  31
    0        70.015891   1490  146081  0.78700607409583     -217.497284        7559.74304565686907    20987303.9295  54.400  1  0   5   2  31
    0        71.015891   1490  146082  0.78700625116643     -217.872238        7777.44142926807399    20987357.0965  54.490  1  0   5   2  31
    0        72.015891   1490  146083  0.78700642860564     -218.059280        7995.40634244199464    20987410.3059  54.422  1  0   5   2  31
    0        73.015891   1490  146084  0.78700660623712     -218.365204        8213.63168147283432    20987463.7002  54.430  1  0   5   2  31
    0        74.015891   1490  146085  0.78700678405467     -218.665848        8432.11617444300646    20987517.0341  54.368  1  0   5   2  31
    0        75.015891   1490  146086  0.78700696240347     -218.889496        8650.86882636558585    20987570.3061  54.514  1  0   5   2  31
    0        76.015892   1490  146087  0.78700714068528     -219.136795        8869.88190450805268    20987623.6437  54.347  1  0   5   2  31
    0        77.015892   1490  146088  0.78700731889778     -219.402100        9089.15554349607555    20987677.1038  54.412  1  0   5   2  31
    0        78.015892   1490  146089  0.78700749776105     -219.522827        9308.68693372620328    20987730.6139  54.421  1  0   5   2  31
    0        79.015892   1490  146090  0.78700767672317     -219.896820        9528.47962431724591    20987784.2275  54.336  1  0   5   2  31
    0        80.015892   1490  146091  0.78700785598043     -220.177414        9748.53667251669685    20987838.0456  54.375  1  0   5   2  31
    0        81.015892   1490  146092  0.78700803553025     -220.452621        9968.86099876606022    20987891.8270  54.369  1  0   5   2  31
    0        82.015893   1490  146093  0.78700821462526     -220.721863       10189.43903672965826    20987945.8153  54.491  1  0   5   2  31
    0        83.015893   1490  146094  0.78700839435602     -221.145950       10410.28609604953817    20987999.8343  54.428  1  0   5   2  31
    0        84.015893   1490  146095  0.78700857414391     -221.192276       10631.38570135241753    20988053.9243  54.355  1  0   5   2  31
    0        85.015893   1490  146096  0.78700875436751     -221.518524       10852.74916756204038    20988107.9950  54.385  1  0   5   2  31
    0        86.015893   1490  146097  0.78700893457889     -221.821503       11074.37825533129217    20988162.0281  54.280  1  0   5   2  31
    0        87.015894   1490  146098  0.78700911567783     -221.966476       11296.26223053898138    20988216.2458  54.265  1  0   5   2  31
    0        88.015894   1490  146099  0.78700929746680     -222.347443       11518.42440995587822    20988270.4275  54.312  1  0   5   2  31
    0        89.015894   1490  146100  0.78700947894710     -222.674942       11740.82821467267058    20988324.7060  54.349  1  0   5   2  31
    0        90.015894   1490  146101  0.78700966015418     -222.781097       11963.50068524294329    20988379.0036  54.272  1  0   5   2  31
    0        91.015894   1490  146102  0.78700984113955     -222.985687       12186.43074823898496    20988433.3177  54.424  1  0   5   2  31
    0        92.015894   1490  146103  0.78701002225516     -223.313278       12409.63008518625429    20988487.7491  54.331  1  0   5   2  31
    0        93.015895   1490  146104  0.78701020416706     -223.589478       12633.08834034695610    20988542.3815  54.390  1  0   5   2  31
    0        94.015895   1490  146105  0.78701038663228     -223.947525       12856.81436143620522    20988597.0230  54.339  1  0   5   2  31
    0        95.015895   1490  146106  0.78701056943966     -224.064285       13080.79251296549774    20988651.7645  54.398  1  0   5   2  31
    0        96.015895   1490  146107  0.78701075228113     -224.435928       13305.02686917647225    20988706.4856  54.289  1  0   5   2  31
    0        97.015895   1490  146108  0.78701093488828     -224.505997       13529.53053735786671    20988761.1943  54.312  1  0   5   2  31
    0        98.015896   1490  146109  0.78701111780318     -224.847626       13754.28571986615134    20988816.1918  54.335  1  0   5   2  31
    0        99.015896   1490  146110  0.78701130134235     -225.224808       13979.32197800470749    20988871.0901  54.312  1  0   5   2  31
    0       100.015896   1490  146111  0.78701148489254     -225.516525       14204.60848290318972    20988926.2654  54.334  1  0   5   2  31
    0       101.015896   1490  146112  0.78701166866508     -225.655380       14430.15323234585230    20988981.4958  54.374  1  0   5   2  31
    0       102.015896   1490  146113  0.78701185278963     -225.949951       14655.96735761161108    20989036.7251  54.269  1  0   5   2  31
    0       103.015896   1490  146114  0.78701203714013     -226.147110       14882.03897367274476    20989091.9596  54.305  1  0   5   2  31
    0       104.015897   1490  146115  0.78701222158747     -226.483017       15108.37168354648020    20989147.2424  54.333  1  0   5   2  31
    0       105.015897   1490  146116  0.78701240623279     -226.587875       15334.96427205955115    20989202.6449  54.323  1  0   5   2  31
    0       106.015897   1490  146117  0.78701259080808     -226.959152       15561.82199881941051    20989258.0867  54.398  1  0   5   2  31
    0       107.015897   1490  146118  0.78701277599950     -227.085754       15788.94078027556679    20989313.4889  54.418  1  0   5   2  31
    0       108.015897   1490  146119  0.78701296150040     -227.515915       16016.30219909824518    20989368.9371  54.352  1  0   5   2  31
    0       109.015898   1490  146120  0.78701314700515     -227.782089       16243.94464880784653    20989424.5592  54.338  1  0   5   2  31
    0       110.015898   1490  146121  0.78701333268282     -228.034409       16471.83659364331834    20989480.2495  54.382  1  0   5   2  31
    0       111.015898   1490  146122  0.78701351870630     -228.281250       16700.00664633175620    20989535.9600  54.331  1  0   5   2  31
    0       112.015898   1490  146123  0.78701370495478     -228.437378       16928.41833724782191    20989591.8970  54.374  1  0   5   2  31
    0       113.015898   1490  146124  0.78701389123295     -228.879761       17157.10209144144756    20989647.6951  54.283  1  0   5   2  31
    0       114.015899   1490  146125  0.78701407765844     -229.035339       17386.05398281179077    20989703.5975  54.247  1  0   5   2  31
    0       115.015899   1490  146126  0.78701426454069     -229.317642       17615.25660449356656    20989759.5081  54.236  1  0   5   2  31
    0       116.015899   1490  146127  0.78701445164932     -229.593887       17844.72994669991749    20989815.4181  54.385  1  0   5   2  31
    0       117.015899   1490  146128  0.78701463882195     -229.860764       18074.45149662039330    20989871.3128  54.157  1  0   5   2  31
    0       118.015899   1490  146129  0.78701482641942     -230.095093       18304.45129714762152    20989927.4638  54.179  1  0   5   2  31
    0       119.015899   1490  146130  0.78701501372565     -230.441849       18534.69406964751397    20989983.6194  54.228  1  0   5   2  31
    0       120.015900   1490  146131  0.78701520162150     -230.538132       18765.20999559568736    20990039.8546  54.253  1  0   5   2  31
    0       121.015900   1490  146132  0.78701538949607     -230.913956       18995.97686898019310    20990096.3347  54.200  1  0   5   2  31
    0       122.015900   1490  146133  0.78701557749932     -231.316910       19227.00691553432989    20990152.7621  54.288  1  0   5   2  31
    0       123.015900   1490  146134  0.78701576551418     -231.410461       19458.28901820140163    20990209.3690  54.186  1  0   5   2  31
    0       124.015900   1490  146135  0.78701595407249     -231.719589       19689.85880762330635    20990265.8963  54.424  1  0   5   2  31
    0       125.015901   1490  146136  0.78701614298622     -232.033783       19921.67802839345677    20990322.6525  54.308  1  0   5   2  31
    0       126.015901   1490  146137  0.78701633220149     -232.146912       20153.75234635872766    20990379.4519  54.343  1  0   5   2  31
    0       127.015901   1490  146138  0.78701652170502     -232.424515       20386.08676253970771    20990436.1998  54.383  1  0   5   2  31
    0       128.015901   1490  146139  0.78701671093983     -232.750153       20618.68028698972194    20990493.0263  54.320  1  0   5   2  31
    0       129.015901   1490  146140  0.78701690012446     -233.064850       20851.53045524871413    20990550.1070  54.307  1  0   5   2  31
    0       130.015902   1490  146141  0.78701708965973     -233.234146       21084.64058159381966    20990607.1234  54.402  1  0   5   2  31
    0       131.015902   1490  146142  0.78701727923458     -233.690369       21318.02787860968965    20990664.1074  54.299  1  0   5   2  31
    0       132.015902   1490  146143  0.78701746942279     -233.749786       21551.66253394306113    20990721.2432  54.292  1  0   5   2  31
    0       133.015902   1490  146144  0.78701765981136     -233.824829       21785.55903620243043    20990778.4814  54.483  1  0   5   2  31
    0       134.015902   1490  146145  0.78701785068683     -234.317017       22019.71899192889396    20990835.7486  54.303  1  0   5   2  31
    0       135.015903   1490  146146  0.78701804189702     -234.517624       22254.14243470998190    20990892.7744  54.332  1  0   5   2  31
    0       136.015903   1490  146147  0.78701823304317     -234.743271       22488.81854675162322    20990949.9069  54.297  1  0   5   2  31
    0       137.015903   1490  146148  0.78701842450531     -234.968613       22723.75048536970280    20991007.3002  54.336  1  0   5   2  31
    0       138.015903   1490  146149  0.78701861553952     -235.423172       22958.95099370279058    20991064.7305  54.295  1  0   5   2  31
    0       139.015903   1490  146150  0.78701880735216     -235.334152       23194.42958656649716    20991122.2058  54.158  1  0   5   2  31
    0       140.015903   1490  146151  0.78701899911024     -235.960464       23430.14222807279293    20991179.8107  54.277  1  0   5   2  31
    0       141.015904   1490  146152  0.78701919137326     -236.040421       23666.12787297355680    20991237.5348  54.332  1  0   5   2  31
    0       142.015904   1490  146153  0.78701938395108     -236.354034       23902.37476935519953    20991295.1112  54.282  1  0   5   2  31
    0       143.015904   1490  146154  0.78701957673407     -236.600800       24138.89034716396418    20991352.8314  54.328  1  0   5   2  31
    0       144.015904   1490  146155  0.78701976968489     -237.069122       24375.65318258876505    20991410.5847  54.305  1  0   5   2  31
    0       145.015904   1490  146156  0.78701996288419     -237.235794       24612.68909043909662    20991468.4694  54.310  1  0   5   2  31
    0       146.015905   1490  146157  0.78702015558804     -237.324020       24849.98392423611949    20991526.3637  54.333  1  0   5   2  31
    0       147.015905   1490  146158  0.78702034894496     -237.771179       25087.52700063264638    20991584.3979  54.407  1  0   5   2  31
    0       148.015905   1490  146159  0.78702054284188     -237.962189       25325.33766170332819    20991642.5402  54.394  1  0   5   2  31
    0       149.015905   1490  146160  0.78702073745329     -238.288696       25563.41658559395728    20991700.6625  54.268  1  0   5   2  31
    0       150.015905   1490  146161  0.78702093201980     -238.538147       25801.74661151276814    20991758.9286  54.210  1  0   5   2  31
    0       151.015906   1490  146162  0.78702112668412     -238.822952       26040.33172509341966    20991817.2535  54.327  1  0   5   2  31
    0       152.015906   1490  146163  0.78702132191593     -238.919037       26279.19026382748416    20991875.5703  54.327  1  0   5   2  31
    0       153.015906   1490  146164  0.78702151690543     -239.147629       26518.29511487467971    20991933.9373  54.154  1  0   5   2  31
    0       154.015906   1490  146165  0.78702171202440     -239.487274       26757.67969110838749    20991992.3523  54.241  1  0   5   2  31
    0       155.015906   1490  146166  0.78702190706939     -239.674866       26997.32494211661106    20992050.8096  54.250  1  0   5   2  31
    0       156.015907   1490  146167  0.78702210210478     -240.014099       27237.20850775860890    20992109.3646  54.284  1  0   5   2  31
    0       157.015907   1490  146168  0.78702229792912     -240.294739       27477.36430326684058    20992167.9775  54.242  1  0   5   2  31
    0       158.015907   1490  146169  0.78702249385176     -240.612640       27717.77842245137435    20992226.8153  54.282  1  0   5   2  31
    0       159.015907   1490  146170  0.78702269029636     -240.749512       27958.45294302044204    20992285.6131  54.299  1  0   5   2  31
    0       160.015907   1490  146171  0.78702288690534     -241.116592       28199.39162828998815    20992344.5531  54.170  1  0   5   2  31
    0       161.015908   1490  146172  0.78702308313238     -241.202606       28440.57468965912267    20992403.3848  54.257  1  0   5   2  31
    0       162.015908   1490  146173  0.78702327980684     -241.625488       28682.02690356688981    20992462.4064  54.215  1  0   5   2  31
    0       163.015908   1490  146174  0.78702347626012     -241.901886       28923.73487524512893    20992521.2902  54.245  1  0   5   2  31
    0       164.015908   1490  146175  0.78702367310671     -242.130692       29165.70409531902988    20992580.3384  54.234  1  0   5   2  31
    0       165.015908   1490  146176  0.78702387014610     -242.327896       29407.93314575911791    20992639.3737  54.165  1  0   5   2  31
    0       166.015909   1490  146177  0.78702406759862     -242.578018       29650.41690147185000    20992698.4792  54.230  1  0   5   2  31
    0       167.015909   1490  146178  0.78702426545268     -242.899155       29893.16889428259310    20992757.6892  54.263  1  0   5   2  31
    0       168.015909   1490  146179  0.78702446335557     -243.107208       30136.16006409858528    20992816.8852  54.199  1  0   5   2  31
    0       169.015909   1490  146180  0.78702466149446     -243.469055       30379.43120093823381    20992876.3553  54.259  1  0   5   2  31
    0       170.015909   1490  146181  0.78702485995297     -243.642426       30622.95999449877854    20992935.8944  54.175  1  0   5   2  31
    0       171.015910   1490  146182  0.78702505864755     -243.904068       30866.74996182394534    20992995.3364  54.162  1  0   5   2  31
    0       172.015910   1490  146183  0.78702525796787     -244.199722       31110.80012491413800    20993054.9479  54.234  1  0   5   2  31
    0       173.015910   1490  146184  0.78702545713716     -244.340302       31355.10621214151615    20993114.5847  54.211  1  0   5   2  31
    0       174.015910   1490  146185  0.78702565614789     -244.607712       31599.66835308920417    20993174.3779  54.207  1  0   5   2  31
    0       175.015910   1490  146186  0.78702585542707     -244.900085       31844.50098598719342    20993234.1625  54.195  1  0   5   2  31
    0       176.015911   1490  146187  0.78702605500186     -245.353363       32089.58759108422964    20993294.0052  54.200  1  0   5   2  31
    0       177.015911   1490  146188  0.78702625492639     -245.554214       32334.92610424008308    20993353.8464  54.218  1  0   5   2  31
    0       178.015911   1490  146189  0.78702645505403     -245.740814       32580.52789278652199    20993413.8337  54.175  1  0   5   2  31
    0       179.015911   1490  146190  0.78702665487482     -245.969025       32826.39166513435339    20993473.7985  54.244  1  0   5   2  31
    0       180.015911   1490  146191  0.78702685533245     -246.223068       33072.51119662136625    20993533.8493  54.184  1  0   5   2  31
    0       181.015912   1490  146192  0.78702705614299     -246.492310       33318.88943311028561    20993593.9747  54.207  1  0   5   2  31
    0       182.015912   1490  146193  0.78702725724349     -246.730881       33565.52235293620470    20993654.2083  54.109  1  0   5   2  31
    0       183.015912   1490  146194  0.78702745829854     -246.956848       33812.40544845521799    20993714.5113  54.193  1  0   5   2  31
    0       184.015912   1490  146195  0.78702765941019     -247.233795       34059.55286261626316    20993774.7619  54.167  1  0   5   2  31
    0       185.015912   1490  146196  0.78702786121457     -247.580048       34306.96383417833567    20993835.1289  54.160  1  0   5   2  31
    0       186.015913   1490  146197  0.78702806341898     -247.940140       34554.62013500593457    20993895.6762  54.206  1  0   5   2  31
    0       187.015913   1490  146198  0.78702826577850     -247.971786       34802.55123680085671    20993956.2890  54.214  1  0   5   2  31
    0       188.015913   1490  146199  0.78702846796158     -248.399902       35050.73698346896708    20994017.0230  54.222  1  0   5   2  31
    0       189.015913   1490  146200  0.78702867001458     -248.595688       35299.17401862278348    20994077.7093  54.108  1  0   5   2  31
    0       190.015913   1490  146201  0.78702887283808     -248.760162       35547.89349210751971    20994138.5087  54.128  1  0   5   2  31
    0       191.015914   1490  146202  0.78702907582258     -249.041519       35796.86329175762512    20994199.3939  54.281  1  0   5   2  31
    0       192.015914   1490  146203  0.78702927884982     -249.328018       36046.09839026582631    20994260.3029  54.231  1  0   5   2  31
    0       193.015914   1490  146204  0.78702948198746     -249.522858       36295.58823738707724    20994321.3327  54.136  1  0   5   2  31
    0       194.015914   1490  146205  0.78702968507344     -249.900787       36545.33341859845677    20994382.2748  54.183  1  0   5   2  31
    0       195.015914   1490  146206  0.78702988863891     -250.117447       36795.34861605770129    20994443.4551  54.079  1  0   5   2  31
    0       196.015915   1490  146207  0.78703009288791     -250.468109       37045.61973623104859    20994504.6608  54.230  1  0   5   2  31
    0       197.015915   1490  146208  0.78703029695093     -250.674698       37296.16115055186674    20994565.9110  54.285  1  0   5   2  31
    0       198.015915   1490  146209  0.78703050113750     -250.887207       37546.94149093565647    20994627.1852  54.267  1  0   5   2  31
    0       199.015915   1490  146210  0.78703070540076     -251.150223       37797.98151592994691    20994688.5821  54.226  1  0   5   2  31
    0       200.015915   1490  146211  0.78703091004994     -251.441589       38049.29743807151681    20994750.1190  54.403  1  0   5   2  31
    0       201.015916   1490  146212  0.78703111510710     -251.576996       38300.84943746274075    20994811.8049  54.277  1  0   5   2  31
    0       202.015916   1490  146213  0.78703132023914     -251.940216       38552.67585415185749    20994873.2655  54.280  1  0   5   2  31
    0       203.015916   1490  146214  0.78703152595044     -252.186188       38804.76241854389809    20994934.7422  54.261  1  0   5   2  31
    0       204.015916   1490  146215  0.78703173159198     -252.443420       39057.10377773446817    20994996.3277  54.181  1  0   5   2  31
    0       205.015916   1490  146216  0.78703193746219     -252.785431       39309.69550867809448    20995058.0060  54.218  1  0   5   2  31
    0       206.015917   1490  146217  0.78703214307344     -253.070236       39562.56324487669917    20995119.7424  54.286  1  0   5   2  31
    0       207.015917   1490  146218  0.78703234835784     -253.192383       39815.68542070667900    20995181.3758  54.183  1  0   5   2  31
    0       208.015917   1490  146219  0.78703255449141     -253.573685       40069.06880122073198    20995243.2669  54.185  1  0   5   2  31
    0       209.015917   1490  146220  0.78703276094206     -254.008087       40322.70452409057179    20995305.3680  54.189  1  0   5   2  31
    0       210.015917   1490  146221  0.78703296808641     -254.165955       40576.59081716803485    20995367.3941  54.291  1  0   5   2  31
    0       211.015918   1490  146222  0.78703317569852     -254.382065       40830.75497703738802    20995429.5562  54.318  1  0   5   2  31
    0       212.015918   1490  146223  0.78703338289599     -254.447800       41085.15599301704060    20995491.7629  54.228  1  0   5   2  31
    0       213.015918   1490  146224  0.78703359057961     -254.689041       41339.82836983406742    20995554.1898  54.264  1  0   5   2  31
    0       214.015918   1490  146225  0.78703379836863     -254.925354       41594.75450194755103    20995616.2758  54.195  1  0   5   2  31
    0       215.015918   1490  146226  0.78703400608242     -255.262009       41849.95029900303780    20995678.4233  54.237  1  0   5   2  31
    0       216.015919   1490  146227  0.78703421384267     -255.544983       42105.39590856211726    20995740.6866  54.287  1  0   5   2  31
    0       217.015919   1490  146228  0.78703442201974     -255.627090       42361.10254692797025    20995803.0252  54.386  1  0   5   2  31
    0       218.015919   1490  146229  0.78703463048217     -256.011383       42617.06866085918591    20995865.3828  54.333  1  0   5   2  31
    0       219.015919   1490  146230  0.78703483938965     -256.386841       42873.29530367677216    20995928.0547  54.276  1  0   5   2  31
    0       220.015920   1490  146231  0.78703504842183     -256.587311       43129.77849202907237    20995990.7556  54.228  1  0   5   2  31
    0       221.015920   1490  146232  0.78703525747319     -256.797943       43386.52400440728525    20996053.6246  54.157  1  0   5   2  31
    0       222.015920   1490  146233  0.78703546682830     -257.109436       43643.51669083712477    20996116.4349  54.272  1  0   5   2  31
    0       223.015920   1490  146234  0.78703567680962     -257.279663       43900.77873360714148    20996179.2332  54.266  1  0   5   2  31
    0       224.015920   1490  146235  0.78703588656767     -257.609344       44158.29874448871851    20996242.1069  54.316  1  0   5   2  31
    0       225.015921   1490  146236  0.78703609673895     -257.868988       44416.07460044654727    20996305.0002  54.320  1  0   5   2  31
    0       226.015921   1490  146237  0.78703630704161     -258.209198       44674.10544051094621    20996367.9472  54.299  1  0   5   2  31
    0       227.015921   1490  146238  0.78703651715623     -258.210297       44932.40048121841392    20996431.1479  54.297  1  0   5   2  31
    0       228.015921   1490  146239  0.78703672777609     -258.664062       45190.94823144193651    20996494.3210  54.194  1  0   5   2  31
