    0        38.015885   1490  146049  0.78700051123171     1237.267822       -1854.83268815045449    24654066.7090  40.178  1  1   5   2  29
    0        39.015885   1490  146050  0.78700068130584     1236.020020       -3091.32486340340984    24653764.4937  40.660  1  0   5   2  29
    0        40.015885   1490  146051  0.78700085172899     1236.323853       -4327.46589040741674    24653464.4354  40.602  1  0   5   2  29
    0        41.015885   1490  146052  0.78700102262706     1235.832397       -5563.27842571970541    24653163.1850  40.459  1  0   5   2  29
    0        42.015886   1490  146053  0.78700119432148     1235.596558       -6798.73948812072194    24652863.1132  40.701  1  0   5   2  29
    0        43.015886   1490  146054  0.78700136575878     1234.674927       -8033.87714929251524    24652560.7396  40.893  1  0   5   2  29
    0        44.015886   1490  146055  0.78700153760728     1234.562988       -9268.69301347000874    24652259.1149  40.889  1  0   5   2  29
    0        45.015886   1490  146056  0.78700170881533     1234.161987      -10503.15385918707761    24651957.1244  40.782  1  0   5   2  29
    0        46.015886   1490  146057  0.78700188057126     1233.941895      -11737.27971702634386    24651655.2307  40.319  1  0   5   2  29
    0        47.015887   1490  146058  0.78700205263090     1233.859497      -12971.07463418333646    24651354.4383  40.598  1  0   5   2  29
    0        48.015887   1490  146059  0.78700222479143     1233.488037      -14204.53961827269814    24651051.4662  40.771  1  0   5   2  29
    0        49.015887   1490  146060  0.78700239762457     1232.407104      -15437.66280296108744    24650750.8796  40.688  1  0   5   2  29
    0        50.015887   1490  146061  0.78700257023387     1233.033447      -16670.45453636930324    24650450.0079  40.762  1  0   5   2  29
    0        51.015887   1490  146062  0.78700274360124     1231.829102      -17902.89574869014905    24650148.4989  40.502  1  0   5   2  29
    0        52.015887   1490  146063  0.78700291688478     1231.998047      -19135.03121303793159    24649847.4517  40.629  1  0   5   2  29
    0        53.015888   1490  146064  0.78700309033794     1231.774292      -20366.80476008167170    24649546.6144  40.428  1  0   5   2  29
    0        54.015888   1490  146065  0.78700326404995     1231.842773      -21598.26305035365658    24649246.8796  41.194  1  0   5   2  29
    0        55.015888   1490  146066  0.78700343805785     1231.272217      -22829.39256875810679    24648946.2621  40.314  1  0   5   2  29
    0        56.015888   1490  146067  0.78700361244169     1230.599976      -24060.14881453725684    24648644.9626  40.504  1  0   5   2  29
    0        57.015888   1490  146068  0.78700378709818     1230.903564      -25290.59552358606743    24648343.8215  40.651  1  0   5   2  29
    0        58.015888   1490  146069  0.78700396162068     1230.068359      -26520.68643153525045    24648043.7352  41.270  1  0   5   2  29
    0        59.015889   1490  146070  0.78700413673047     1229.977783      -27750.43674668140011    24647744.1148  40.777  1  0   5   2  29
    0        60.015889   1490  146071  0.78700431145724     1228.707642      -28979.85324750872678    24647445.1291  40.907  1  0   5   2  29
    0        61.015889   1490  146072  0.78700448679138     1228.997437      -30208.93759763707203    24647145.0003  41.254  1  0   5   2  29
    0        62.015889   1490  146073  0.78700466211439     1228.862427      -31437.67833809773583    24646844.5538  40.293  1  0   5   2  29
    0        63.015889   1490  146074  0.78700483791284     1228.389038      -32666.08431885626487    24646543.9602  40.829  1  0   5   2  29
    0        64.015889   1490  146075  0.78700501403862     1228.134277      -33894.14095587231714    24646243.5494  40.593  1  0   5   2  29
    0        65.015890   1490  146076  0.78700519025260     1227.106079      -35121.87458759165020    24645943.6911  40.737  1  0   5   2  29
    0        66.015890   1490  146077  0.78700536679545     1227.830444      -36349.26582919423527    24645643.8420  40.270  1  0   5   2  29
    0        67.015890   1490  146078  0.78700554341130     1227.353882      -37576.30028651649627    24645343.5389  40.837  1  0   5   2  29
    0        68.015890   1490  146079  0.78700572005722     1226.900269      -38803.01759152334853    24645044.2411  41.263  1  0   5   2  29
    0        69.015890   1490  146080  0.78700589719673     1226.559937      -40029.37933140504902    24644744.7552  40.982  1  0   5   2  29
    0        70.015891   1490  146081  0.78700607409583     1225.623901      -41255.44071063409501    24644445.7126  40.930  1  0   5   2  29
    0        71.015891   1490  146082  0.78700625116643     1224.963257      -42481.13015461861505    24644146.0584  40.770  1  0   5   2  29
    0        72.015891   1490  146083  0.78700642860564     1225.840576      -43706.49212016125966    24643846.5386  40.864  1  0   5   2  29
    0        73.015891   1490  146084  0.78700660623712     1224.709595      -44931.52532980468095    24643546.9987  40.844  1  0   5   2  29
    0        74.015891   1490  146085  0.78700678405467     1224.352295      -46156.20437929035688    24643248.4026  41.384  1  0   5   2  29
    0        75.015891   1490  146086  0.78700696240347     1223.911499      -47380.54484653051622    24642949.3977  40.733  1  0   5   2  29
    0        76.015892   1490  146087  0.78700714068528     1224.124756      -48604.53316001981875    24642650.2292  40.595  1  0   5   2  29
    0        77.015892   1490  146088  0.78700731889778     1223.111572      -49828.21437668167346    24642351.1103  40.133  1  0   5   2  29
    0        78.015892   1490  146089  0.78700749776105     1223.542603      -51051.55571449916897    24642052.8941  40.341  1  0   5   2  29
    0        79.015892   1490  146090  0.78700767672317     1222.239258      -52274.53102149110782    24641754.2437  39.959  1  0   5   2  29
    0        80.015892   1490  146091  0.78700785598043     1222.987183      -53497.19986543160485    24641455.8672  40.341  1  0   5   2  29
    0        81.015892   1490  146092  0.78700803553025     1222.124390      -54719.51707670304313    24641156.2061  39.431  1  0   5   2  29
    0        82.015893   1490  146093  0.78700821462526     1222.253906      -55941.49389477555087    24640858.0094  40.267  1  0   5   2  29
    0        83.015893   1490  146094  0.78700839435602     1221.095215      -57163.12375545318355    24640559.8318  40.168  1  0   5   2  29
    0        84.015893   1490  146095  0.78700857414391     1221.196777      -58384.44408992858371    24640261.1251  39.731  1  0   5   2  29
    0        85.015893   1490  146096  0.78700875436751     1220.678955      -59605.39873844101385    24639964.1252  39.880  1  0   5   2  29
    0        86.015893   1490  146097  0.78700893457889     1220.517212      -60826.04202191324293    24639665.8996  40.470  1  0   5   2  29
    0        87.015894   1490  146098  0.78700911567783     1220.402100      -62046.31321645623393    24639367.6105  40.617  1  0   5   2  29
    0        88.015894   1490  146099  0.78700929746680     1219.303589      -63266.25595292379148    24639069.3138  40.246  1  0   5   2  29
    0        89.015894   1490  146100  0.78700947894710     1219.030273      -64485.86020777597150    24638771.6920  40.544  1  0   5   2  29
    0        90.015894   1490  146101  0.78700966015418     1219.268921      -65705.13094036359689    24638473.8650  40.950  1  0   5   2  29
    0        91.015894   1490  146102  0.78700984113955     1218.473022      -66924.05408389258082    24638176.7291  40.972  1  0   5   2  29
    0        92.015894   1490  146103  0.78701002225516     1218.200684      -68142.62561480203294    24637879.3893  40.442  1  0   5   2  29
    0        93.015895   1490  146104  0.78701020416706     1217.997681      -69360.88029766967520    24637582.3078  41.105  1  0   5   2  29
    0        94.015895   1490  146105  0.78701038663228     1217.216309      -70578.78422276396304    24637285.5438  41.231  1  0   5   2  29
    0        95.015895   1490  146106  0.78701056943966     1217.571289      -71796.36265058018034    24636988.2835  40.886  1  0   5   2  29
    0        96.015895   1490  146107  0.78701075228113     1217.119385      -73013.60375116209616    24636690.9109  40.601  1  0   5   2  29
    0        97.015895   1490  146108  0.78701093488828     1216.863403      -74230.48848441652081    24636393.9325  40.987  1  0   5   2  29
    0        98.015896   1490  146109  0.78701111780318     1216.487549      -75447.03787214295880    24636096.8128  40.447  1  0   5   2  29
    0        99.015896   1490  146110  0.78701130134235     1216.213135      -76663.24352381669451    24635800.0364  40.733  1  0   5   2  29
    0       100.015896   1490  146111  0.78701148489254     1215.148193      -77879.11758662361535    24635502.9485  40.379  1  0   5   2  29
    0       101.015896   1490  146112  0.78701166866508     1215.694702      -79094.64011029497487    24635205.8591  40.386  1  0   5   2  29
    0       102.015896   1490  146113  0.78701185278963     1214.791748      -80309.82626664538111    24634909.1139  40.400  1  0   5   2  29
    0       103.015896   1490  146114  0.78701203714013     1214.417847      -81524.67321722841007    24634612.0793  39.712  1  0   5   2  29
    0       104.015897   1490  146115  0.78701222158747     1213.876953      -82739.21583145324257    24634314.8057  40.531  1  0   5   2  29
    0       105.015897   1490  146116  0.78701240623279     1214.499023      -83953.36997273273300    24634018.4784  40.017  1  0   5   2  29
    0       106.015897   1490  146117  0.78701259080808     1214.000000      -85167.20951343161869    24633721.7433  40.362  1  0   5   2  29
    0       107.015897   1490  146118  0.78701277599950     1213.212036      -86380.69146946995170    24633424.7059  39.620  1  0   5   2  29
    0       108.015897   1490  146119  0.78701296150040     1212.563354      -87593.84870971794589    24633128.1357  40.699  1  0   5   2  29
    0       109.015898   1490  146120  0.78701314700515     1212.936401      -88806.63323795117321    24632831.9240  40.573  1  0   5   2  29
    0       110.015898   1490  146121  0.78701333268282     1212.042603      -90019.12161863796064    24632536.3257  40.630  1  0   5   2  29
    0       111.015898   1490  146122  0.78701351870630     1211.716309      -91231.21572145540267    24632240.8265  40.884  1  0   5   2  29
    0       112.015898   1490  146123  0.78701370495478     1211.307983      -92443.00998747773701    24631945.2832  41.152  1  0   5   2  29
    0       113.015898   1490  146124  0.78701389123295     1210.582031      -93654.45969492764561    24631649.7254  40.521  1  0   5   2  29
    0       114.015899   1490  146125  0.78701407765844     1211.161011      -94865.56100995274028    24631354.6129  40.608  1  0   5   2  29
    0       115.015899   1490  146126  0.78701426454069     1210.616333      -96076.32574219477829    24631058.9260  41.367  1  0   5   2  29
    0       116.015899   1490  146127  0.78701445164932     1210.316284      -97286.74810658794013    24630763.6675  41.481  1  0   5   2  29
    0       117.015899   1490  146128  0.78701463882195     1209.812744      -98496.83315951292752    24630468.0124  41.073  1  0   5   2  29
    0       118.015899   1490  146129  0.78701482641942     1210.000488      -99706.57183035909839    24630172.2938  41.197  1  0   5   2  29
    0       119.015899   1490  146130  0.78701501372565     1208.720703     -100915.96981432156463    24629876.7820  40.560  1  0   5   2  29
    0       120.015900   1490  146131  0.78701520162150     1208.892578     -102125.02868156055047    24629581.3908  40.723  1  0   5   2  29
    0       121.015900   1490  146132  0.78701538949607     1208.132446     -103333.73459311231272    24629285.9356  40.216  1  0   5   2  29
    0       122.015900   1490  146133  0.78701557749932     1207.912598     -104542.11667951790150    24628990.5276  40.871  1  0   5   2  29
    0       123.015900   1490  146134  0.78701576551418     1207.527954     -105750.15803772702930    24628695.3686  40.983  1  0   5   2  29
    0       124.015900   1490  146135  0.78701595407249     1207.543823     -106957.83035634725820    24628400.9016  40.493  1  0   5   2  29
    0       125.015901   1490  146136  0.78701614298622     1207.402832     -108165.18126205660519    24628106.3559  41.304  1  0   5   2  29
    0       126.015901   1490  146137  0.78701633220149     1206.997437     -109372.16985653236043    24627811.9777  40.857  1  0   5   2  29
    0       127.015901   1490  146138  0.78701652170502     1206.777344     -110578.83429439773317    24627517.1869  40.827  1  0   5   2  29
    0       128.015901   1490  146139  0.78701671093983     1205.996948     -111785.16831568886118    24627222.2786  41.123  1  0   5   2  29
    0       129.015901   1490  146140  0.78701690012446     1205.665161     -112991.12162288118270    24626927.6253  41.499  1  0   5   2  29
    0       130.015902   1490  146141  0.78701708965973     1205.426758     -114196.75832158215053    24626633.5281  40.066  1  0   5   2  29
    0       131.015902   1490  146142  0.78701727923458     1205.602173     -115402.07334760285448    24626338.4474  39.994  1  0   5   2  29
    0       132.015902   1490  146143  0.78701746942279     1204.278564     -116607.01728422575979    24626043.1845  40.559  1  0   5   2  29
    0       133.015902   1490  146144  0.78701765981136     1203.737671     -117811.63718317874009    24625748.6691  39.953  1  0   5   2  29
    0       134.015902   1490  146145  0.78701785068683     1203.993042     -119015.90913213396561    24625454.8463  40.126  1  0   5   2  29
    0       135.015903   1490  146146  0.78701804189702     1204.375854     -120219.82458023268555    24625160.3849  40.192  1  0   5   2  29
    0       136.015903   1490  146147  0.78701823304317     1203.678223     -121423.41827859162004    24624866.1700  39.973  1  0   5   2  29
    0       137.015903   1490  146148  0.78701842450531     1203.274658     -122626.65973108999606    24624571.6052  39.884  1  0   5   2  29
    0       138.015903   1490  146149  0.78701861553952     1202.862671     -123829.56035433456418    24624277.0757  39.908  1  0   5   2  29
    0       139.015903   1490  146150  0.78701880735216     1202.820435     -125032.10242622860824    24623983.4042  40.503  1  0   5   2  29
    0       140.015903   1490  146151  0.78701899911024     1202.321289     -126234.31200171374076    24623690.0777  39.936  1  0   5   2  29
    0       141.015904   1490  146152  0.78701919137326     1201.857910     -127436.21343225252349    24623396.4000  39.569  1  0   5   2  29
    0       142.015904   1490  146153  0.78701938395108     1200.966187     -128637.73497886169935    24623102.4651  40.506  1  0   5   2  29
    0       143.015904   1490  146154  0.78701957673407     1201.732178     -129838.91245030274149    24622809.4613  40.219  1  0   5   2  29
    0       144.015904   1490  146155  0.78701976968489     1200.419067     -131039.74842164831352    24622516.8799  39.935  1  0   5   2  29
    0       145.015904   1490  146156  0.78701996288419     1199.908203     -132240.24103849660605    24622223.9481  40.442  1  0   5   2  29
    0       146.015905   1490  146157  0.78702015558804     1200.159058     -133440.39421296416549    24621930.9996  40.946  1  0   5   2  29
    0       147.015905   1490  146158  0.78702034894496     1199.611450     -134640.20555282669375    24621637.3772  40.382  1  0   5   2  29
    0       148.015905   1490  146159  0.78702054284188     1199.591309     -135839.66943287220784    24621345.1020  40.560  1  0   5   2  29
    0       149.015905   1490  146160  0.78702073745329     1198.859863     -137038.79503472155193    24621052.9151  40.127  1  0   5   2  29
    0       150.015905   1490  146161  0.78702093201980     1199.013672     -138237.57392300240463    24620760.6228  40.184  1  0   5   2  29
    0       151.015906   1490  146162  0.78702112668412     1197.609741     -139436.01497869234299    24620468.4592  39.899  1  0   5   2  29
    0       152.015906   1490  146163  0.78702132191593     1197.531006     -140634.09494819224346    24620175.8985  40.700  1  0   5   2  29
    0       153.015906   1490  146164  0.78702151690543     1197.483887     -141831.83905779517954    24619883.4575  39.856  1  0   5   2  29
    0       154.015906   1490  146165  0.78702171202440     1197.346069     -143029.23947187111480    24619590.7685  40.602  1  0   5   2  29
    0       155.015906   1490  146166  0.78702190706939     1196.992065     -144226.27578889389406    24619298.5134  40.476  1  0   5   2  29
    0       156.015907   1490  146167  0.78702210210478     1196.215698     -145423.00670501129935    24619005.7748  40.400  1  0   5   2  29
    0       157.015907   1490  146168  0.78702229792912     1195.672974     -146619.37725098113879    24618713.7574  40.723  1  0   5   2  29
    0       158.015907   1490  146169  0.78702249385176     1195.540649     -147815.40626828430686    24618422.3398  40.466  1  0   5   2  29
    0       159.015907   1490  146170  0.78702269029636     1195.392090     -149011.08722675344325    24618130.5088  40.669  1  0   5   2  29
    0       160.015907   1490  146171  0.78702288690534     1195.286499     -150206.43130830139853    24617838.5649  40.341  1  0   5   2  29
    0       161.015908   1490  146172  0.78702308313238     1194.810791     -151401.42700128746219    24617546.4136  40.305  1  0   5   2  29
    0       162.015908   1490  146173  0.78702327980684     1193.925781     -152596.06819175713463    24617254.2362  39.354  1  0   5   2  29
    0       163.015908   1490  146174  0.78702347626012     1194.619141     -153790.38513477740344    24616961.8060  40.216  1  0   5   2  29
    0       164.015908   1490  146175  0.78702367310671     1193.405029     -154984.33802914206171    24616670.1554  40.291  1  0   5   2  29
    0       165.015908   1490  146176  0.78702387014610     1193.865356     -156177.95763058299781    24616378.4603  40.191  1  0   5   2  29
    0       166.015909   1490  146177  0.78702406759862     1192.646362     -157371.24010838323738    24616087.3788  40.835  1  0   5   2  29
    0       167.015909   1490  146178  0.78702426545268     1192.792480     -158564.16511606620043    24615796.4285  40.084  1  0   5   2  29
    0       168.015909   1490  146179  0.78702446335557     1193.108154     -159756.76935730781406    24615505.2692  40.680  1  0   5   2  29
    0       169.015909   1490  146180  0.78702466149446     1192.133545     -160948.99689456683700    24615214.2263  41.139  1  0   5   2  29
    0       170.015909   1490  146181  0.78702485995297     1191.973022     -162140.89559564759838    24614923.2158  40.117  1  0   5   2  29
    0       171.015910   1490  146182  0.78702505864755     1191.595093     -163332.43622927850811    24614631.7096  40.583  1  0   5   2  29
    0       172.015910   1490  146183  0.78702525796787     1190.901978     -164523.65324309811695    24614340.7168  40.377  1  0   5   2  29
    0       173.015910   1490  146184  0.78702545713716     1191.024170     -165714.50657180283451    24614049.4882  40.801  1  0   5   2  29
    0       174.015910   1490  146185  0.78702565614789     1190.157471     -166905.01272349251667    24613759.1722  41.164  1  0   5   2  29
    0       175.015910   1490  146186  0.78702585542707     1189.891113     -168095.16688855717075    24613469.0331  40.681  1  0   5   2  29
    0       176.015911   1490  146187  0.78702605500186     1189.846558     -169284.97800191226997    24613178.1285  40.561  1  0   5   2  29
    0       177.015911   1490  146188  0.78702625492639     1189.315308     -170474.46834762083017    24612887.2867  41.178  1  0   5   2  29
    0       178.015911   1490  146189  0.78702645505403     1188.981445     -171663.59995414633886    24612596.9196  40.917  1  0   5   2  29
    0       179.015911   1490  146190  0.78702665487482     1188.509644     -172852.40237125416752    24612307.6114  41.776  1  0   5   2  29
    0       180.015911   1490  146191  0.78702685533245     1188.131226     -174040.83940569130937    24612017.6354  40.895  1  0   5   2  29
    0       181.015912   1490  146192  0.78702705614299     1188.547729     -175228.94960496411659    24611726.9230  40.814  1  0   5   2  29
    0       182.015912   1490  146193  0.78702725724349     1187.701172     -176416.71025372890290    24611436.3766  40.805  1  0   5   2  29
    0       183.015912   1490  146194  0.78702745829854     1187.450073     -177604.10243998907390    24611146.0955  40.841  1  0   5   2  29
    0       184.015912   1490  146195  0.78702765941019     1186.513306     -178791.16812045505503    24610856.3572  40.883  1  0   5   2  29
    0       185.015912   1490  146196  0.78702786121457     1186.784302     -179977.87765991655760    24610567.4196  41.263  1  0   5   2  29
    0       186.015913   1490  146197  0.78702806341898     1185.810181     -181164.26032763221883    24610277.9155  41.329  1  0   5   2  29
    0       187.015913   1490  146198  0.78702826577850     1186.290283     -182350.28276001964696    24609989.1616  41.651  1  0   5   2  29
    0       188.015913   1490  146199  0.78702846796158     1185.604004     -183535.94146860708133    24609700.1555  41.575  1  0   5   2  29
    0       189.015913   1490  146200  0.78702867001458     1185.038696     -184721.29293062747456    24609410.4762  41.200  1  0   5   2  29
    0       190.015913   1490  146201  0.78702887283808     1185.111694     -185906.25463473732816    24609120.9010  40.789  1  0   5   2  29
    0       191.015914   1490  146202  0.78702907582258     1184.241455     -187090.90796763382968    24608830.9852  41.395  1  0   5   2  29
    0       192.015914   1490  146203  0.78702927884982     1184.335205     -188275.18960359165794    24608541.1179  41.040  1  0   5   2  29
    0       193.015914   1490  146204  0.78702948198746     1183.562988     -189459.13218813959975    24608251.9646  40.579  1  0   5   2  29
    0       194.015914   1490  146205  0.78702968507344     1183.469727     -190642.73591043832130    24607962.4404  39.804  1  0   5   2  29
    0       195.015914   1490  146206  0.78702988863891     1183.099609     -191825.99854729973595    24607672.8323  40.758  1  0   5   2  29
    0       196.015915   1490  146207  0.78703009288791     1182.710083     -193008.90238968798076    24607383.4963  39.799  1  0   5   2  29
    0       197.015915   1490  146208  0.78703029695093     1182.226929     -194191.46863610303262    24607094.3458  40.093  1  0   5   2  29
    0       198.015915   1490  146209  0.78703050113750     1180.818481     -195373.68602006888250    24606805.5203  40.095  1  0   5   2  29
    0       199.015915   1490  146210  0.78703070540076     1181.125732     -196555.54970679868711    24606517.0156  40.828  1  0   5   2  29
    0       200.015915   1490  146211  0.78703091004994     1181.925049     -197737.05985742615303    24606229.0410  40.542  1  0   5   2  29
    0       201.015916   1490  146212  0.78703111510710     1181.169189     -198918.23680307401810    24605941.6179  40.497  1  0   5   2  29
    0       202.015916   1490  146213  0.78703132023914     1180.719849     -200099.05640737706563    24605653.6756  40.570  1  0   5   2  29
    0       203.015916   1490  146214  0.78703152595044     1179.988159     -201279.51769582260749    24605365.8550  40.307  1  0   5   2  29
    0       204.015916   1490  146215  0.78703173159198     1179.640259     -202459.64844778593397    24605077.7791  40.580  1  0   5   2  29
    0       205.015916   1490  146216  0.78703193746219     1179.494629     -203639.43656809916138    24604789.2966  40.406  1  0   5   2  29
    0       206.015917   1490  146217  0.78703214307344     1179.286743     -204818.86934444768121    24604500.8360  40.322  1  0   5   2  29
    0       207.015917   1490  146218  0.78703234835784     1179.246460     -205997.95866740623023    24604212.1689  40.343  1  0   5   2  29
    0       208.015917   1490  146219  0.78703255449141     1178.281128     -207176.68239803524921    24603924.5052  40.796  1  0   5   2  29
    0       209.015917   1490  146220  0.78703276094206     1178.028442     -208355.08244346655556    24603637.2507  40.912  1  0   5   2  29
    0       210.015917   1490  146221  0.78703296808641     1177.829468     -209533.11983432192937    24603349.8544  39.843  1  0   5   2  29
    0       211.015918   1490  146222  0.78703317569852     1177.879883     -210710.79688058025204    24603061.8810  39.994  1  0   5   2  29
    0       212.015918   1490  146223  0.78703338289599     1177.244629     -211888.15839876627433    24602773.8109  40.172  1  0   5   2  29
    0       213.015918   1490  146224  0.78703359057961     1177.237061     -213065.15428559167776    24602486.3434  40.120  1  0   5   2  29
    0       214.015918   1490  146225  0.78703379836863     1176.541870     -214241.80743745961809    24602199.3700  39.990  1  0   5   2  29
    0       215.015918   1490  146226  0.78703400608242     1175.492676     -215418.10227981529897    24601911.9379  40.196  1  0   5   2  29
    0       216.015919   1490  146227  0.78703421384267     1176.213379     -216594.06011060148012    24601625.0293  39.946  1  0   5   2  29
    0       217.015919   1490  146228  0.78703442201974     1175.713745     -217769.65319711167831    24601337.9026  40.110  1  0   5   2  29
    0       218.015919   1490  146229  0.78703463048217     1174.655884     -218944.89209011162166    24601050.8444  40.271  1  0   5   2  29
    0       219.015919   1490  146230  0.78703483938965     1174.793701     -220119.79711964042508    24600764.2902  40.566  1  0   5   2  29
    0       220.015920   1490  146231  0.78703504842183     1174.264771     -221294.35163981473306    24600478.0371  40.091  1  0   5   2  29
    0       221.015920   1490  146232  0.78703525747319     1174.332520     -222468.55094238286256    24600191.4515  40.430  1  0   5   2  29
    0       222.015920   1490  146233  0.78703546682830     1173.635742     -223642.43316851041163    24599904.9842  39.920  1  0   5   2  29
    0       223.015920   1490  146234  0.78703567680962     1173.358765     -224815.93425783055136    24599618.5338  40.263  1  0   5   2  29
    0       224.015920   1490  146235  0.78703588656767     1172.880371     -225989.10918160236906    24599331.0814  40.920  1  0   5   2  29
    0       225.015921   1490  146236  0.78703609673895     1172.472656     -227161.92159319343045    24599044.3637  40.390  1  0   5   2  29
    0       226.015921   1490  146237  0.78703630704161     1172.483887     -228334.39380820933729    24598758.3652  40.602  1  0   5   2  29
    0       227.015921   1490  146238  0.78703651715623     1172.470459     -229506.51584811430075    24598472.2719  41.216  1  0   5   2  29
    0       228.015921   1490  146239  0.78703672777609     1171.439697     -230678.30675101265660    24598186.4633  40.167  1  0   5   2  29
