    0        36.008885   1490  146047  0.78000016964866     -267.643280        9418.58174193801096    20985522.9194  54.531  1  0   6   0  31
    0        37.015885   1490  146048  0.78700034110292     -268.083862        9688.37029684116715    20985574.3201  54.500  1  0   6   0  31
    0        38.015885   1490  146049  0.78700051123171     -268.485901        9956.63173779144563    20985625.3234  54.484  1  0   6   0  31
    0        39.015885   1490  146050  0.78700068130584     -268.834198       10225.22462189423095    20985676.3104  54.567  1  0   6   0  31
    0        40.015885   1490  146051  0.78700085172899     -269.263153       10494.16133672353317    20985727.4019  54.532  1  0   6   0  31
    0        41.015885   1490  146052  0.78700102262706     -269.423431       10763.43760471491987    20985778.6359  54.576  1  0   6   0  31
    0        42.015886   1490  146053  0.78700119432148     -269.689575       11033.04874381343689    20985830.1086  54.644  1  0   6   0  31
    0        43.015886   1490  146054  0.78700136575878     -270.069946       11302.98441330887727    20985881.5042  54.582  1  0   6   0  31
    0        44.015886   1490  146055  0.78700153760728     -270.406342       11573.27613316808856    20985933.0231  54.558  1  0   6   0  31
    0        45.015886   1490  146056  0.78700170881533     -270.675903       11843.89970700950653    20985984.3499  54.596  1  0   6   0  31
    0        46.015886   1490  146057  0.78700188057126     -271.056793       12114.86455905971525    20986035.8411  54.586  1  0   6   0  31
    0        47.015887   1490  146058  0.78700205263090     -271.452789       12386.16604561128042    20986087.4233  54.558  1  0   6   0  31
    0        48.015887   1490  146059  0.78700222479143     -271.741302       12657.81051457147987    20986139.0357  54.480  1  0   6   0  31
    0        49.015887   1490  146060  0.78700239762457     -272.234283       12929.78337334959360    20986190.8498  54.507  1  0   6   0  31
    0        50.015887   1490  146061  0.78700257023387     -272.442261       13202.10090193028009    20986242.5967  54.580  1  0   6   0  31
    0        51.015887   1490  146062  0.78700274360124     -272.772247       13474.74641202592466    20986294.5710  54.610  1  0   6   0  31
    0        52.015887   1490  146063  0.78700291688478     -273.110962       13747.73510953769437    20986346.5201  54.470  1  0   6   0  31
    0        53.015888   1490  146064  0.78700309033794     -273.538269       14021.05868746867054    20986398.5200  54.548  1  0   6   0  31
    0        54.015888   1490  146065  0.78700326404995     -273.912994       14294.71327511643904    20986450.5976  54.534  1  0   6   0  31
    0        55.015888   1490  146066  0.78700343805785     -274.200409       14568.71382471139805    20986502.7638  54.549  1  0   6   0  31
    0        56.015888   1490  146067  0.78700361244169     -274.428802       14843.04654272076004    20986555.0428  54.581  1  0   6   0  31
    0        57.015888   1490  146068  0.78700378709818     -274.784576       15117.72170684508455    20986607.4035  54.530  1  0   6   0  31
    0        58.015888   1490  146069  0.78700396162068     -275.119019       15392.73987539202062    20986659.7240  54.438  1  0   6   0  31
    0        59.015889   1490  146070  0.78700413673047     -275.569092       15668.07719164712762    20986712.2206  54.577  1  0   6   0  31
    0        60.015889   1490  146071  0.78700431145724     -275.894073       15943.76848835217243    20986764.6024  54.501  1  0   6   0  31
    0        61.015889   1490  146072  0.78700448679138     -276.205872       16219.78063646836381    20986817.1662  54.525  1  0   6   0  31
    0        62.015889   1490  146073  0.78700466211439     -276.548096       16496.15153400832060    20986869.7267  54.548  1  0   6   0  31
    0        63.015889   1490  146074  0.78700483791284     -276.705597       16772.83752930317132    20986922.4298  54.547  1  0   6   0  31
    0        64.015889   1490  146075  0.78700501403862     -277.247131       17049.86773404740961    20986975.2310  54.553  1  0   6   0  31
    0        65.015890   1490  146076  0.78700519025260     -277.410553       17327.23275067109353    20987028.0586  54.560  1  0   6   0  31
    0        66.015890   1490  146077  0.78700536679545     -277.818420       17604.93450263048726    20987080.9848  54.554  1  0   6   0  31
    0        67.015890   1490  146078  0.78700554341130     -278.291992       17882.97580490235850    20987133.9329  54.440  1  0   6   0  31
    0        68.015890   1490  146079  0.78700572005722     -278.555603       18161.36013995663234    20987186.8900  54.496  1  0   6   0  31
    0        69.015890   1490  146080  0.78700589719673     -278.848663       18440.07610765902791    20987239.9951  54.416  1  0   6   0  31
    0        70.015891   1490  146081  0.78700607409583     -279.184723       18719.13121222920745    20987293.0281  54.516  1  0   6   0  31
    0        71.015891   1490  146082  0.78700625116643     -279.502167       18998.51046929804579    20987346.1125  54.537  1  0   6   0  31
    0        72.015891   1490  146083  0.78700642860564     -280.112152       19278.22165455097274    20987399.3075  54.494  1  0   6   0  31
    0        73.015891   1490  146084  0.78700660623712     -280.125122       19558.27702751374454    20987452.5601  54.555  1  0   6   0  31
    0        74.015891   1490  146085  0.78700678405467     -280.457977       19838.67625020621199    20987505.8684  54.484  1  0   6   0  31
    0        75.015891   1490  146086  0.78700696240347     -280.932251       20119.40712069277652    20987559.3361  54.448  1  0   6   0  31
    0        76.015892   1490  146087  0.78700714068528     -281.349945       20400.46173653224105    20987612.7836  54.388  1  0   6   0  31
    0        77.015892   1490  146088  0.78700731889778     -281.333679       20681.86353288071405    20987666.2104  54.523  1  0   6   0  31
    0        78.015892   1490  146089  0.78700749776105     -281.934509       20963.59826415401767    20987719.8322  54.439  1  0   6   0  31
    0        79.015892   1490  146090  0.78700767672317     -282.324036       21245.66719380224822    20987773.4837  54.433  1  0   6   0  31
    0        80.015892   1490  146091  0.78700785598043     -282.584106       21528.07129669321148    20987827.2237  54.471  1  0   6   0  31
    0        81.015892   1490  146092  0.78700803553025     -282.806091       21810.81790433188144    20987881.0514  54.424  1  0   6   0  31
    0        82.015893   1490  146093  0.78700821462526     -283.320190       22093.89922474492050    20987934.7427  54.384  1  0   6   0  31
    0        83.015893   1490  146094  0.78700839435602     -283.381531       22377.31974085540423    20987988.6246  54.411  1  0   6   0  31
    0        84.015893   1490  146095  0.78700857414391     -283.767426       22661.06857963923540    20988042.5237  54.446  1  0   6   0  31
    0        85.015893   1490  146096  0.78700875436751     -284.310089       22945.14721352548077    20988096.5534  54.338  1  0   6   0  31
    0        86.015893   1490  146097  0.78700893457889     -284.475342       23229.57457376678940    20988150.5794  54.451  1  0   6   0  31
    0        87.015894   1490  146098  0.78700911567783     -285.058685       23514.33068017112237    20988204.8715  54.443  1  0   6   0  31
    0        88.015894   1490  146099  0.78700929746680     -285.268097       23799.42428853009915    20988259.3704  54.461  1  0   6   0  31
    0        89.015894   1490  146100  0.78700947894710     -285.652405       24084.85361170829856    20988313.7768  54.420  1  0   6   0  31
    0        90.015894   1490  146101  0.78700966015418     -285.889954       24370.62382583280851    20988368.1014  54.364  1  0   6   0  31
    0        91.015894   1490  146102  0.78700984113955     -286.309601       24656.72380892892397    20988422.3594  54.344  1  0   6   0  31
    0        92.015894   1490  146103  0.78701002225516     -286.535614       24943.14952223343425    20988476.6565  54.329  1  0   6   0  31
    0        93.015895   1490  146104  0.78701020416706     -286.965363       25229.91983224947762    20988531.1923  54.383  1  0   6   0  31
    0        94.015895   1490  146105  0.78701038663228     -287.319000       25517.02598655269685    20988585.8940  54.403  1  0   6   0  31
    0        95.015895   1490  146106  0.78701056943966     -287.644165       25804.46763355009898    20988640.6983  54.477  1  0   6   0  31
    0        96.015895   1490  146107  0.78701075228113     -287.946808       26092.24364646054892    20988695.5128  54.438  1  0   6   0  31
    0        97.015895   1490  146108  0.78701093488828     -288.305420       26380.36820110325789    20988750.2570  54.272  1  0   6   0  31
    0        98.015896   1490  146109  0.78701111780318     -288.508881       26668.80929967149132    20988805.0935  54.362  1  0   6   0  31
    0        99.015896   1490  146110  0.78701130134235     -288.863831       26957.59687255859899    20988860.1172  54.361  1  0   6   0  31
    0       100.015896   1490  146111  0.78701148489254     -289.360565       27246.71386844007793    20988915.1442  54.392  1  0   6   0  31
    0       101.015896   1490  146112  0.78701166866508     -289.557129       27536.16497463305859    20988970.2378  54.341  1  0   6   0  31
    0       102.015896   1490  146113  0.78701185278963     -290.057312       27825.95780794020538    20989025.4369  54.454  1  0   6   0  31
    0       103.015896   1490  146114  0.78701203714013     -290.303680       28116.07786496896006    20989080.7038  54.325  1  0   6   0  31
    0       104.015897   1490  146115  0.78701222158747     -290.738983       28406.53588857313298    20989135.9997  54.357  1  0   6   0  31
    0       105.015897   1490  146116  0.78701240623279     -291.029022       28697.33731429767067    20989191.3550  54.351  1  0   6   0  31
    0       106.015897   1490  146117  0.78701259080808     -291.145996       28988.46791349049454    20989246.6893  54.403  1  0   6   0  31
    0       107.015897   1490  146118  0.78701277599950     -291.460052       29279.92907244239905    20989302.2083  54.451  1  0   6   0  31
    0       108.015897   1490  146119  0.78701296150040     -291.904968       29571.71752652864234    20989357.8201  54.371  1  0   6   0  31
    0       109.015898   1490  146120  0.78701314700515     -292.193756       29863.85236178942432    20989413.4330  54.324  1  0   6   0  31
    0       110.015898   1490  146121  0.78701333268282     -292.703033       30156.31994129764644    20989469.0978  54.471  1  0   6   0  31
    0       111.015898   1490  146122  0.78701351870630     -292.989594       30449.13585020820756    20989524.8662  54.340  1  0   6   0  31
    0       112.015898   1490  146123  0.78701370495478     -293.136536       30742.26957282296644    20989580.7021  54.349  1  0   6   0  31
    0       113.015898   1490  146124  0.78701389123295     -293.585419       31035.74686751788249    20989636.5469  54.332  1  0   6   0  31
    0       114.015899   1490  146125  0.78701407765844     -293.946808       31329.55037239265221    20989692.4358  54.471  1  0   6   0  31
    0       115.015899   1490  146126  0.78701426454069     -294.222961       31623.70458319758472    20989748.4617  54.462  1  0   6   0  31
    0       116.015899   1490  146127  0.78701445164932     -294.735901       31918.18645191394899    20989804.5555  54.530  1  0   6   0  31
    0       117.015899   1490  146128  0.78701463882195     -295.025085       32213.01336225667183    20989860.6684  54.408  1  0   6   0  31
    0       118.015899   1490  146129  0.78701482641942     -295.325287       32508.16536598114180    20989916.9087  54.506  1  0   6   0  31
    0       119.015899   1490  146130  0.78701501372565     -295.541260       32803.65210327223758    20989973.0617  54.454  1  0   6   0  31
    0       120.015900   1490  146131  0.78701520162150     -295.987701       33099.47868780960562    20990029.3915  54.438  1  0   6   0  31
    0       121.015900   1490  146132  0.78701538949607     -296.352997       33395.62662217866455    20990085.7149  54.420  1  0   6   0  31
    0       122.015900   1490  146133  0.78701557749932     -296.833710       33692.12528574844328    20990142.0768  54.376  1  0   6   0  31
    0       123.015900   1490  146134  0.78701576551418     -296.950653       33988.94839086033608    20990198.4422  54.415  1  0   6   0  31
    0       124.015900   1490  146135  0.78701595407249     -297.287140       34286.10846076182497    20990254.9706  54.442  1  0   6   0  31
    0       125.015901   1490  146136  0.78701614298622     -297.560760       34583.60561913027777    20990311.6055  54.494  1  0   6   0  31
    0       126.015901   1490  146137  0.78701633220149     -297.918488       34881.43364957837912    20990368.3308  54.547  1  0   6   0  31
    0       127.015901   1490  146138  0.78701652170502     -298.286682       35179.59565552754066    20990425.1426  54.557  1  0   6   0  31
    0       128.015901   1490  146139  0.78701671093983     -298.676483       35478.08235389388574    20990481.8737  54.534  1  0   6   0  31
    0       129.015901   1490  146140  0.78701690012446     -298.946411       35776.91420956198999    20990538.5899  54.451  1  0   6   0  31
    0       130.015902   1490  146141  0.78701708965973     -299.301636       36076.08821435445134    20990595.4111  54.468  1  0   6   0  31
    0       131.015902   1490  146142  0.78701727923458     -299.604187       36375.58832685100788    20990652.2442  54.464  1  0   6   0  31
    0       132.015902   1490  146143  0.78701746942279     -300.027802       36675.41925094401086    20990709.2612  54.481  1  0   6   0  31
    0       133.015902   1490  146144  0.78701765981136     -300.447113       36975.58880330133252    20990766.3383  54.522  1  0   6   0  31
    0       134.015902   1490  146145  0.78701785068683     -300.715546       37276.09250596819038    20990823.5613  54.527  1  0   6   0  31
    0       135.015903   1490  146146  0.78701804189702     -300.998871       37576.93142227020871    20990880.8847  54.480  1  0   6   0  31
    0       136.015903   1490  146147  0.78701823304317     -301.301971       37878.11458600138576    20990938.1888  54.426  1  0   6   0  31
    0       137.015903   1490  146148  0.78701842450531     -301.699982       38179.61687426291610    20990995.5877  54.520  1  0   6   0  31
    0       138.015903   1490  146149  0.78701861553952     -301.885895       38481.44805636447563    20991052.8584  54.471  1  0   6   0  31
    0       139.015903   1490  146150  0.78701880735216     -302.371918       38783.62815931109071    20991110.3623  54.390  1  0   6   0  31
    0       140.015903   1490  146151  0.78701899911024     -302.769836       39086.15044797406154    20991167.8500  54.511  1  0   6   0  31
    0       141.015904   1490  146152  0.78701919137326     -302.987091       39388.98878233037249    20991225.4890  54.471  1  0   6   0  31
    0       142.015904   1490  146153  0.78701938395108     -303.425262       39692.17495992669865    20991283.2223  54.474  1  0   6   0  31
    0       143.015904   1490  146154  0.78701957673407     -303.647125       39995.70672065087274    20991341.0172  54.439  1  0   6   0  31
    0       144.015904   1490  146155  0.78701976968489     -304.049957       40299.55095272468316    20991398.8624  54.482  1  0   6   0  31
    0       145.015904   1490  146156  0.78701996288419     -304.408386       40603.73797792119876    20991456.7821  54.516  1  0   6   0  31
    0       146.015905   1490  146157  0.78702015558804     -304.770325       40908.27019475225825    20991514.5533  54.505  1  0   6   0  31
    0       147.015905   1490  146158  0.78702034894496     -305.076569       41213.12758507617400    20991572.5202  54.465  1  0   6   0  31
    0       148.015905   1490  146159  0.78702054284188     -305.387268       41518.31913163301215    20991630.6491  54.566  1  0   6   0  31
    0       149.015905   1490  146160  0.78702073745329     -305.651886       41823.84644840904366    20991688.9921  54.533  1  0   6   0  31
    0       150.015905   1490  146161  0.78702093201980     -306.034332       42129.69241205510480    20991747.3217  54.571  1  0   6   0  31
    0       151.015906   1490  146162  0.78702112668412     -306.436401       42435.89503646572848    20991805.6806  54.576  1  0   6   0  31
    0       152.015906   1490  146163  0.78702132191593     -306.643433       42742.41836287283513    20991864.2096  54.604  1  0   6   0  31
    0       153.015906   1490  146164  0.78702151690543     -307.048401       43049.29110445729748    20991922.6660  54.487  1  0   6   0  31
    0       154.015906   1490  146165  0.78702171202440     -307.396271       43356.48584797252988    20991981.1612  54.550  1  0   6   0  31
    0       155.015906   1490  146166  0.78702190706939     -307.780273       43664.02543462869653    20992039.6342  54.606  1  0   6   0  31
    0       156.015907   1490  146167  0.78702210210478     -308.079926       43971.88622023969219    20992098.1043  54.515  1  0   6   0  31
    0       157.015907   1490  146168  0.78702229792912     -308.308563       44280.07881410665868    20992156.8110  54.586  1  0   6   0  31
    0       158.015907   1490  146169  0.78702249385176     -308.685730       44588.61301848014409    20992215.5471  54.487  1  0   6   0  31
    0       159.015907   1490  146170  0.78702269029636     -309.108490       44897.47936979651422    20992274.4397  54.495  1  0   6   0  31
    0       160.015907   1490  146171  0.78702288690534     -309.311523       45206.67299484098476    20992333.3816  54.566  1  0   6   0  31
    0       161.015908   1490  146172  0.78702308313238     -309.662170       45516.20377012232348    20992392.2090  54.571  1  0   6   0  31
    0       162.015908   1490  146173  0.78702327980684     -309.974304       45826.06309338536084    20992451.1705  54.547  1  0   6   0  31
    0       163.015908   1490  146174  0.78702347626012     -310.436493       46136.26240634678834    20992510.0657  54.483  1  0   6   0  31
    0       164.015908   1490  146175  0.78702367310671     -310.503784       46446.78316410809202    20992569.0788  54.569  1  0   6   0  31
    0       165.015908   1490  146176  0.78702387014610     -310.950928       46757.63365629446344    20992628.1498  54.531  1  0   6   0  31
    0       166.015909   1490  146177  0.78702406759862     -311.410767       47068.83069318397611    20992687.3445  54.449  1  0   6   0  31
    0       167.015909   1490  146178  0.78702426545268     -311.701141       47380.35576776861853    20992746.6597  54.504  1  0   6   0  31
    0       168.015909   1490  146179  0.78702446335557     -312.000519       47692.21140548654512    20992805.9895  54.455  1  0   6   0  31
    0       169.015909   1490  146180  0.78702466149446     -312.297394       48004.40066042789840    20992865.3900  54.495  1  0   6   0  31
    0       170.015909   1490  146181  0.78702485995297     -312.671417       48316.91951537491695    20992924.8864  54.555  1  0   6   0  31
    0       171.015910   1490  146182  0.78702505864755     -312.972565       48629.78148878417414    20992984.4535  54.468  1  0   6   0  31
    0       172.015910   1490  146183  0.78702525796787     -313.330872       48942.97510330588557    20993044.2083  54.528  1  0   6   0  31
    0       173.015910   1490  146184  0.78702545713716     -313.581543       49256.50454391176754    20993103.9177  54.536  1  0   6   0  31
    0       174.015910   1490  146185  0.78702565614789     -313.918060       49570.36821521008824    20993163.5796  54.553  1  0   6   0  31
    0       175.015910   1490  146186  0.78702585542707     -314.406799       49884.56366230166896    20993223.3220  54.538  1  0   6   0  31
    0       176.015911   1490  146187  0.78702605500186     -314.561737       50199.07880835040851    20993283.1531  54.517  1  0   6   0  31
    0       177.015911   1490  146188  0.78702625492639     -314.892670       50513.94385903966031    20993343.0889  54.492  1  0   6   0  31
    0       178.015911   1490  146189  0.78702645505403     -315.336273       50829.14130400011345    20993403.0857  54.476  1  0   6   0  31
    0       179.015911   1490  146190  0.78702665487482     -315.671234       51144.67474417195626    20993462.9904  54.508  1  0   6   0  31
    0       180.015911   1490  146191  0.78702685533245     -315.994751       51460.51684935505182    20993523.0861  54.455  1  0   6   0  31
    0       181.015912   1490  146192  0.78702705614299     -316.357849       51776.72080780190299    20993583.2876  54.610  1  0   6   0  31
    0       182.015912   1490  146193  0.78702725724349     -316.654907       52093.22395602289180    20993643.5760  54.600  1  0   6   0  31
    0       183.015912   1490  146194  0.78702745829854     -317.018341       52410.05612318208296    20993703.8508  54.502  1  0   6   0  31
    0       184.015912   1490  146195  0.78702765941019     -317.398529       52727.22283400988817    20993764.1426  54.622  1  0   6   0  31
    0       185.015912   1490  146196  0.78702786121457     -317.651001       53044.72983596770791    20993824.6420  54.545  1  0   6   0  31
    0       186.015913   1490  146197  0.78702806341898     -317.971832       53362.55796691392607    20993885.2614  54.540  1  0   6   0  31
    0       187.015913   1490  146198  0.78702826577850     -318.456970       53680.73136091920605    20993945.9272  54.527  1  0   6   0  31
    0       188.015913   1490  146199  0.78702846796158     -318.661072       53999.23797300607839    20994006.5402  54.531  1  0   6   0  31
    0       189.015913   1490  146200  0.78702867001458     -318.953705       54318.08048502446763    20994067.1141  54.543  1  0   6   0  31
    0       190.015913   1490  146201  0.78702887283808     -319.312744       54637.26017379760015    20994127.9191  54.516  1  0   6   0  31
    0       191.015914   1490  146202  0.78702907582258     -319.723175       54956.77956239225750    20994188.7723  54.549  1  0   6   0  31
    0       192.015914   1490  146203  0.78702927884982     -320.041107       55276.62105280355900    20994249.6384  54.474  1  0   6   0  31
    0       193.015914   1490  146204  0.78702948198746     -320.238373       55596.79475880246173    20994310.5375  54.505  1  0   6   0  31
    0       194.015914   1490  146205  0.78702968507344     -320.657440       55917.31513130668463    20994371.4211  54.494  1  0   6   0  31
    0       195.015914   1490  146206  0.78702988863891     -320.920410       56238.16445805807598    20994432.4485  54.469  1  0   6   0  31
    0       196.015915   1490  146207  0.78703009288791     -321.380127       56559.34490577832912    20994493.6808  54.546  1  0   6   0  31
    0       197.015915   1490  146208  0.78703029695093     -321.726379       56880.87156880993280    20994554.8574  54.540  1  0   6   0  31
    0       198.015915   1490  146209  0.78703050113750     -321.954254       57202.70914030748099    20994616.0710  54.513  1  0   6   0  31
    0       199.015915   1490  146210  0.78703070540076     -322.290070       57524.88608883873530    20994677.3076  54.484  1  0   6   0  31
    0       200.015915   1490  146211  0.78703091004994     -322.501465       57847.39715781024279    20994738.6598  54.507  1  0   6   0  31
    0       201.015916   1490  146212  0.78703111510710     -323.015320       58170.22965737441700    20994800.1344  54.435  1  0   6   0  31
    0       202.015916   1490  146213  0.78703132023914     -323.314484       58493.40099750530499    20994861.6315  54.457  1  0   6   0  31
    0       203.015916   1490  146214  0.78703152595044     -323.669098       58816.91878660782822    20994923.3022  54.405  1  0   6   0  31
    0       204.015916   1490  146215  0.78703173159198     -323.998596       59140.75310036500741    20994984.9520  54.468  1  0   6   0  31
    0       205.015916   1490  146216  0.78703193746219     -324.389496       59464.93144145836413    20995046.6703  54.470  1  0   6   0  31
    0       206.015917   1490  146217  0.78703214307344     -324.684174       59789.42867840071267    20995108.3110  54.438  1  0   6   0  31
    0       207.015917   1490  146218  0.78703234835784     -325.045044       60114.26264708187955    20995169.8537  54.392  1  0   6   0  31
    0       208.015917   1490  146219  0.78703255449141     -325.225403       60439.42586799021228    20995231.6510  54.413  1  0   6   0  31
    0       209.015917   1490  146220  0.78703276094206     -325.766785       60764.94311018878943    20995293.5433  54.428  1  0   6   0  31
    0       210.015917   1490  146221  0.78703296808641     -326.084717       61090.76045981662173    20995355.6437  54.507  1  0   6   0  31
    0       211.015918   1490  146222  0.78703317569852     -326.261810       61416.92742375678790    20995417.8842  54.490  1  0   6   0  31
    0       212.015918   1490  146223  0.78703338289599     -326.581696       61743.41753182381944    20995480.0004  54.364  1  0   6   0  31
    0       213.015918   1490  146224  0.78703359057961     -326.951263       62070.25314977861126    20995542.2624  54.493  1  0   6   0  31
    0       214.015918   1490  146225  0.78703379836863     -327.391235       62397.41251680791902    20995604.5560  54.469  1  0   6   0  31
    0       215.015918   1490  146226  0.78703400608242     -327.707581       62724.89690918054839    20995666.8270  54.412  1  0   6   0  31
    0       216.015919   1490  146227  0.78703421384267     -328.197815       63052.72246272697521    20995729.1120  54.413  1  0   6   0  31
    0       217.015919   1490  146228  0.78703442201974     -328.429657       63380.88216275418381    20995791.5219  54.474  1  0   6   0  31
    0       218.015919   1490  146229  0.78703463048217     -328.737610       63709.37194723836728    20995854.0174  54.446  1  0   6   0  31
    0       219.015919   1490  146230  0.78703483938965     -329.007751       64038.19726625826297    20995916.6463  54.434  1  0   6   0  31
    0       220.015920   1490  146231  0.78703504842183     -329.381592       64367.34808283487655    20995979.3125  54.455  1  0   6   0  31
    0       221.015920   1490  146232  0.78703525747319     -329.602997       64696.83255914613255    20996041.9846  54.446  1  0   6   0  31
    0       222.015920   1490  146233  0.78703546682830     -330.075592       65026.65462193390704    20996104.7476  54.429  1  0   6   0  31
    0       223.015920   1490  146234  0.78703567680962     -330.310944       65356.80146507630707    20996167.6984  54.480  1  0   6   0  31
    0       224.015920   1490  146235  0.78703588656767     -330.612335       65687.28262778223143    20996230.5823  54.405  1  0   6   0  31
    0       225.015921   1490  146236  0.78703609673895     -331.020203       66018.08560492552351    20996293.5901  54.491  1  0   6   0  31
    0       226.015921   1490  146237  0.78703630704161     -331.063171       66349.23081487501622    20996356.6372  54.507  1  0   6   0  31
    0       227.015921   1490  146238  0.78703651715623     -331.560944       66680.72027932686615    20996419.6280  54.482  1  0   6   0  31
    0       228.015921   1490  146239  0.78703672777609     -331.997284       67012.53013648313936    20996482.7703  54.446  1  0   6   0  31
