    0        38.015885   1490  146049  0.78700051123171     1587.007568      -60648.22563295009604    24654055.1676  43.288  1  0   6   0  29
    0        39.015885   1490  146050  0.78700068130584     1586.615601      -62235.04945194673201    24653752.8097  43.358  1  0   6   0  29
    0        40.015885   1490  146051  0.78700085172899     1585.939087      -63821.42813849036611    24653450.8758  43.343  1  0   6   0  29
    0        41.015885   1490  146052  0.78700102262706     1585.914185      -65407.37990561696643    24653149.0989  43.605  1  0   6   0  29
    0        42.015886   1490  146053  0.78700119432148     1585.232422      -66992.89959220169112    24652847.2530  43.459  1  0   6   0  29
    0        43.015886   1490  146054  0.78700136575878     1585.068481      -68578.00924357518670    24652545.4494  43.539  1  0   6   0  29
    0        44.015886   1490  146055  0.78700153760728     1584.454590      -70162.66562423211872    24652243.9406  43.317  1  0   6   0  29
    0        45.015886   1490  146056  0.78700170881533     1583.984009      -71746.90544173604576    24651942.0014  43.301  1  0   6   0  29
    0        46.015886   1490  146057  0.78700188057126     1583.710449      -73330.70880398442387    24651640.2163  43.090  1  0   6   0  29
    0        47.015887   1490  146058  0.78700205263090     1583.224243      -74914.08057813366759    24651338.9543  43.143  1  0   6   0  29
    0        48.015887   1490  146059  0.78700222479143     1582.677490      -76497.00634627949330    24651038.1078  43.706  1  0   6   0  29
    0        49.015887   1490  146060  0.78700239762457     1582.120117      -78079.52113573154202    24650737.3270  43.277  1  0   6   0  29
    0        50.015887   1490  146061  0.78700257023387     1581.777344      -79661.60454271250637    24650436.1327  43.027  1  0   6   0  29
    0        51.015887   1490  146062  0.78700274360124     1581.620728      -81243.26626612507971    24650134.4417  43.115  1  0   6   0  29
    0        52.015887   1490  146063  0.78700291688478     1580.657959      -82824.49154869816266    24649832.9983  43.117  1  0   6   0  29
    0        53.015888   1490  146064  0.78700309033794     1580.774902      -84405.27816998324124    24649532.5386  43.781  1  0   6   0  29
    0        54.015888   1490  146065  0.78700326404995     1580.335083      -85985.63592642135336    24649232.2199  43.447  1  0   6   0  29
    0        55.015888   1490  146066  0.78700343805785     1579.772217      -87565.56438756252464    24648931.7130  43.226  1  0   6   0  29
    0        56.015888   1490  146067  0.78700361244169     1579.428467      -89145.05991812760476    24648630.7848  43.078  1  0   6   0  29
    0        57.015888   1490  146068  0.78700378709818     1578.964722      -90724.12291564082261    24648329.8068  42.925  1  0   6   0  29
    0        58.015888   1490  146069  0.78700396162068     1578.395142      -92302.73609771273914    24648029.2443  43.308  1  0   6   0  29
    0        59.015889   1490  146070  0.78700413673047     1577.960693      -93880.94469212762488    24647729.1148  43.021  1  0   6   0  29
    0        60.015889   1490  146071  0.78700431145724     1577.649048      -95458.69254650051880    24647428.6750  42.690  1  0   6   0  29
    0        61.015889   1490  146072  0.78700448679138     1577.141113      -97036.02534175731125    24647128.0781  42.564  1  0   6   0  29
    0        62.015889   1490  146073  0.78700466211439     1576.630981      -98612.89787667969358    24646827.4827  42.540  1  0   6   0  29
    0        63.015889   1490  146074  0.78700483791284     1576.255493     -100189.34799375972943    24646526.9957  42.861  1  0   6   0  29
    0        64.015889   1490  146075  0.78700501403862     1575.643188     -101765.36339066299843    24646227.1906  42.858  1  0   6   0  29
    0        65.015890   1490  146076  0.78700519025260     1575.358521     -103340.95157141411619    24645927.3023  43.101  1  0   6   0  29
    0        66.015890   1490  146077  0.78700536679545     1575.147095     -104916.10131806656136    24645627.4240  43.001  1  0   6   0  29
    0        67.015890   1490  146078  0.78700554341130     1574.446167     -106490.81442366799456    24645327.9795  43.242  1  0   6   0  29
    0        68.015890   1490  146079  0.78700572005722     1573.952393     -108065.09546977089485    24645028.3259  42.966  1  0   6   0  29
    0        69.015890   1490  146080  0.78700589719673     1573.531982     -109638.94101251999382    24644728.8934  43.052  1  0   6   0  29
    0        70.015891   1490  146081  0.78700607409583     1573.316284     -111212.36905865097651    24644429.1082  43.094  1  0   6   0  29
    0        71.015891   1490  146082  0.78700625116643     1572.958252     -112785.35106246935902    24644130.0341  43.091  1  0   6   0  29
    0        72.015891   1490  146083  0.78700642860564     1572.410400     -114357.90920834944700    24643831.4079  43.348  1  0   6   0  29
    0        73.015891   1490  146084  0.78700660623712     1571.875977     -115930.01689882174833    24643532.8230  42.953  1  0   6   0  29
    0        74.015891   1490  146085  0.78700678405467     1571.586792     -117501.68857903705793    24643234.0347  43.127  1  0   6   0  29
    0        75.015891   1490  146086  0.78700696240347     1571.004517     -119072.93528326995147    24642934.9745  42.620  1  0   6   0  29
    0        76.015892   1490  146087  0.78700714068528     1570.429565     -120643.74493696368882    24642635.7906  42.562  1  0   6   0  29
    0        77.015892   1490  146088  0.78700731889778     1570.173584     -122214.11946481285850    24642336.8759  42.650  1  0   6   0  29
    0        78.015892   1490  146089  0.78700749776105     1569.452881     -123784.05695597134763    24642038.2240  42.865  1  0   6   0  29
    0        79.015892   1490  146090  0.78700767672317     1569.240356     -125353.56221332654241    24641739.8744  42.740  1  0   6   0  29
    0        80.015892   1490  146091  0.78700785598043     1568.925659     -126922.64226721673913    24641441.4476  42.492  1  0   6   0  29
    0        81.015892   1490  146092  0.78700803553025     1568.409180     -128491.28111874950991    24641143.1567  42.767  1  0   6   0  29
    0        82.015893   1490  146093  0.78700821462526     1567.917114     -130059.49094987454009    24640845.0748  42.875  1  0   6   0  29
    0        83.015893   1490  146094  0.78700839435602     1567.353760     -131627.26024866587250    24640546.4493  42.792  1  0   6   0  29
    0        84.015893   1490  146095  0.78700857414391     1567.342896     -133194.59997622662922    24640248.1020  42.941  1  0   6   0  29
    0        85.015893   1490  146096  0.78700875436751     1566.650024     -134761.51113467043615    24639949.8774  42.779  1  0   6   0  29
    0        86.015893   1490  146097  0.78700893457889     1566.259155     -136327.97848891912145    24639651.7244  42.536  1  0   6   0  29
    0        87.015894   1490  146098  0.78700911567783     1565.724243     -137894.00900950512732    24639353.3400  42.367  1  0   6   0  29
    0        88.015894   1490  146099  0.78700929746680     1565.522705     -139459.60634728439618    24639055.5023  42.837  1  0   6   0  29
    0        89.015894   1490  146100  0.78700947894710     1564.953369     -141024.77050048075034    24638757.9950  43.108  1  0   6   0  29
    0        90.015894   1490  146101  0.78700966015418     1564.551758     -142589.48676862323191    24638460.5661  42.961  1  0   6   0  29
    0        91.015894   1490  146102  0.78700984113955     1564.003784     -144153.77353584478260    24638163.0388  43.515  1  0   6   0  29
    0        92.015894   1490  146103  0.78701002225516     1563.618286     -145717.64435476445942    24637865.8514  42.970  1  0   6   0  29
    0        93.015895   1490  146104  0.78701020416706     1563.241089     -147281.05904286343139    24637568.0545  42.898  1  0   6   0  29
    0        94.015895   1490  146105  0.78701038663228     1562.772827     -148844.04715418617707    24637270.6134  42.925  1  0   6   0  29
    0        95.015895   1490  146106  0.78701056943966     1562.323608     -150406.60209362185560    24636973.7284  43.095  1  0   6   0  29
    0        96.015895   1490  146107  0.78701075228113     1561.928345     -151968.70941875985591    24636676.6974  43.177  1  0   6   0  29
    0        97.015895   1490  146108  0.78701093488828     1561.374023     -153530.37192424360546    24636380.0820  43.222  1  0   6   0  29
    0        98.015896   1490  146109  0.78701111780318     1560.858154     -155091.61838162064669    24636083.2039  43.183  1  0   6   0  29
    0        99.015896   1490  146110  0.78701130134235     1560.608398     -156652.41414994435036    24635786.2967  43.192  1  0   6   0  29
    0       100.015896   1490  146111  0.78701148489254     1559.956787     -158212.78263924914063    24635489.4585  43.111  1  0   6   0  29
    0       101.015896   1490  146112  0.78701166866508     1559.766602     -159772.72049929745845    24635192.3478  43.273  1  0   6   0  29
    0       102.015896   1490  146113  0.78701185278963     1559.198730     -161332.20796939564752    24634895.8795  43.469  1  0   6   0  29
    0       103.015896   1490  146114  0.78701203714013     1558.764526     -162891.26780013338430    24634599.3002  43.185  1  0   6   0  29
    0       104.015897   1490  146115  0.78701222158747     1558.221680     -164449.90079680134659    24634302.5281  43.476  1  0   6   0  29
    0       105.015897   1490  146116  0.78701240623279     1557.754028     -166008.08738048281521    24634005.5049  43.157  1  0   6   0  29
    0       106.015897   1490  146117  0.78701259080808     1557.846558     -167565.83500029722927    24633708.9616  43.082  1  0   6   0  29
    0       107.015897   1490  146118  0.78701277599950     1556.954346     -169123.14385949293501    24633412.3298  43.292  1  0   6   0  29
    0       108.015897   1490  146119  0.78701296150040     1556.678345     -170680.01867811291595    24633116.2170  43.528  1  0   6   0  29
    0       109.015898   1490  146120  0.78701314700515     1556.205811     -172236.44878640663228    24632820.4877  43.608  1  0   6   0  29
    0       110.015898   1490  146121  0.78701333268282     1555.800781     -173792.45477864582790    24632525.3494  43.899  1  0   6   0  29
    0       111.015898   1490  146122  0.78701351870630     1555.546143     -175348.00809969397960    24632229.9228  43.885  1  0   6   0  29
    0       112.015898   1490  146123  0.78701370495478     1555.004517     -176903.14239258819725    24631934.3160  43.564  1  0   6   0  29
    0       113.015898   1490  146124  0.78701389123295     1554.634888     -178457.84100454612053    24631638.1564  43.654  1  0   6   0  29
    0       114.015899   1490  146125  0.78701407765844     1554.059814     -180012.09899503149791    24631342.4098  43.878  1  0   6   0  29
    0       115.015899   1490  146126  0.78701426454069     1553.393311     -181565.90008848221623    24631046.4166  43.313  1  0   6   0  29
    0       116.015899   1490  146127  0.78701445164932     1552.993164     -183119.28293774789199    24630750.9370  43.417  1  0   6   0  29
    0       117.015899   1490  146128  0.78701463882195     1552.689697     -184672.21597968376591    24630455.0499  43.271  1  0   6   0  29
    0       118.015899   1490  146129  0.78701482641942     1552.282104     -186224.72496595667326    24630159.3814  42.908  1  0   6   0  29
    0       119.015899   1490  146130  0.78701501372565     1551.728271     -187776.79055677304859    24629863.9751  43.237  1  0   6   0  29
    0       120.015900   1490  146131  0.78701520162150     1551.205688     -189328.41887006710749    24629568.6417  43.272  1  0   6   0  29
    0       121.015900   1490  146132  0.78701538949607     1550.731567     -190879.60868332660175    24629274.0375  43.542  1  0   6   0  29
    0       122.015900   1490  146133  0.78701557749932     1550.386475     -192430.34491178649478    24628979.2734  43.131  1  0   6   0  29
    0       123.015900   1490  146134  0.78701576551418     1550.145386     -193980.65440383396344    24628684.0947  43.174  1  0   6   0  29
    0       124.015900   1490  146135  0.78701595407249     1549.485229     -195530.52188199869124    24628388.6391  43.027  1  0   6   0  29
    0       125.015901   1490  146136  0.78701614298622     1549.318359     -197079.95779702611617    24628093.5566  42.999  1  0   6   0  29
    0       126.015901   1490  146137  0.78701633220149     1548.838745     -198628.94858285304508    24627798.4275  43.193  1  0   6   0  29
    0       127.015901   1490  146138  0.78701652170502     1548.332886     -200177.50242776586674    24627503.7808  43.256  1  0   6   0  29
    0       128.015901   1490  146139  0.78701671093983     1547.670776     -201725.62535048901918    24627209.5537  43.510  1  0   6   0  29
    0       129.015901   1490  146140  0.78701690012446     1547.617798     -203273.29550022681360    24626915.3099  43.337  1  0   6   0  29
    0       130.015902   1490  146141  0.78701708965973     1546.926025     -204820.52305282570887    24626620.8234  43.205  1  0   6   0  29
    0       131.015902   1490  146142  0.78701727923458     1546.788574     -206367.32988252281211    24626326.5184  43.409  1  0   6   0  29
    0       132.015902   1490  146143  0.78701746942279     1546.123657     -207913.68483351366012    24626032.2622  43.284  1  0   6   0  29
    0       133.015902   1490  146144  0.78701765981136     1545.442871     -209459.61042703269050    24625738.2707  42.842  1  0   6   0  29
    0       134.015902   1490  146145  0.78701785068683     1545.449219     -211005.09538811221137    24625443.8084  43.084  1  0   6   0  29
    0       135.015903   1490  146146  0.78701804189702     1544.794434     -212550.13624087025528    24625149.4153  43.405  1  0   6   0  29
    0       136.015903   1490  146147  0.78701823304317     1544.538086     -214094.72241313310224    24624855.7072  43.375  1  0   6   0  29
    0       137.015903   1490  146148  0.78701842450531     1543.856323     -215638.88829167789663    24624561.8902  43.002  1  0   6   0  29
    0       138.015903   1490  146149  0.78701861553952     1543.609131     -217182.61336178227793    24624268.3213  43.293  1  0   6   0  29
    0       139.015903   1490  146150  0.78701880735216     1543.015625     -218725.89369056478608    24623974.6593  43.345  1  0   6   0  29
    0       140.015903   1490  146151  0.78701899911024     1542.763062     -220268.72813544413657    24623680.8160  43.111  1  0   6   0  29
    0       141.015904   1490  146152  0.78701919137326     1541.997803     -221811.13566539945896    24623386.7057  43.099  1  0   6   0  29
    0       142.015904   1490  146153  0.78701938395108     1541.456787     -223353.09482305962592    24623092.2958  42.876  1  0   6   0  29
    0       143.015904   1490  146154  0.78701957673407     1541.156982     -224894.60511632490670    24622798.7190  43.183  1  0   6   0  29
    0       144.015904   1490  146155  0.78701976968489     1541.262451     -226435.69137516873889    24622505.3942  43.245  1  0   6   0  29
    0       145.015904   1490  146156  0.78701996288419     1540.514893     -227976.33324995776638    24622212.4092  43.382  1  0   6   0  29
    0       146.015905   1490  146157  0.78702015558804     1539.952515     -229516.52409691590583    24621919.1957  43.413  1  0   6   0  29
    0       147.015905   1490  146158  0.78702034894496     1539.599487     -231056.27582056488609    24621626.6325  43.540  1  0   6   0  29
    0       148.015905   1490  146159  0.78702054284188     1538.935303     -232595.58847067650640    24621333.6819  43.586  1  0   6   0  29
    0       149.015905   1490  146160  0.78702073745329     1538.594727     -234134.46536983194528    24621040.6766  43.349  1  0   6   0  29
    0       150.015905   1490  146161  0.78702093201980     1538.131836     -235672.90986479062121    24620747.8486  43.276  1  0   6   0  29
    0       151.015906   1490  146162  0.78702112668412     1537.662231     -237210.89752252161270    24620454.7970  43.463  1  0   6   0  29
    0       152.015906   1490  146163  0.78702132191593     1537.490479     -238748.45583032525610    24620162.0922  43.474  1  0   6   0  29
    0       153.015906   1490  146164  0.78702151690543     1536.821899     -240285.55868459917838    24619869.7593  43.722  1  0   6   0  29
    0       154.015906   1490  146165  0.78702171202440     1536.536743     -241822.21612167809508    24619577.8615  43.893  1  0   6   0  29
    0       155.015906   1490  146166  0.78702190706939     1535.895386     -243358.43440570333041    24619285.5319  43.679  1  0   6   0  29
    0       156.015907   1490  146167  0.78702210210478     1535.445557     -244894.22404631917016    24618993.3560  43.966  1  0   6   0  29
    0       157.015907   1490  146168  0.78702229792912     1535.201294     -246429.57463071454549    24618702.0020  44.095  1  0   6   0  29
    0       158.015907   1490  146169  0.78702249385176     1534.598389     -247964.46614754092298    24618410.0003  44.035  1  0   6   0  29
    0       159.015907   1490  146170  0.78702269029636     1534.258545     -249498.92342535132775    24618118.0696  43.839  1  0   6   0  29
    0       160.015907   1490  146171  0.78702288690534     1533.618042     -251032.94666285204585    24617826.1786  43.877  1  0   6   0  29
    0       161.015908   1490  146172  0.78702308313238     1533.298950     -252566.52206839880091    24617534.5040  43.976  1  0   6   0  29
    0       162.015908   1490  146173  0.78702327980684     1533.110840     -254099.65895414847182    24617242.5098  43.740  1  0   6   0  29
    0       163.015908   1490  146174  0.78702347626012     1532.491699     -255632.35132349457126    24616950.9632  43.683  1  0   6   0  29
    0       164.015908   1490  146175  0.78702367310671     1532.609131     -257164.61098224963644    24616659.3826  43.738  1  0   6   0  29
    0       165.015908   1490  146176  0.78702387014610     1531.666870     -258696.42725616588723    24616367.7851  43.620  1  0   6   0  29
    0       166.015909   1490  146177  0.78702406759862     1531.118164     -260227.80082944693277    24616076.3294  43.652  1  0   6   0  29
    0       167.015909   1490  146178  0.78702426545268     1530.424438     -261758.72822256499785    24615784.5738  43.344  1  0   6   0  29
    0       168.015909   1490  146179  0.78702446335557     1530.230225     -263289.21731402428122    24615493.5542  43.762  1  0   6   0  29
    0       169.015909   1490  146180  0.78702466149446     1529.791504     -264819.27463769505266    24615202.4464  43.536  1  0   6   0  29
    0       170.015909   1490  146181  0.78702485995297     1529.371948     -266348.88608089910122    24614910.8165  43.943  1  0   6   0  29
    0       171.015910   1490  146182  0.78702505864755     1528.796021     -267878.03521842317423    24614619.5737  43.875  1  0   6   0  29
    0       172.015910   1490  146183  0.78702525796787     1528.508911     -269406.74778955249349    24614328.6476  43.597  1  0   6   0  29
    0       173.015910   1490  146184  0.78702545713716     1528.131592     -270935.01412799675018    24614038.0829  43.946  1  0   6   0  29
    0       174.015910   1490  146185  0.78702565614789     1527.415771     -272462.82838937145425    24613747.8402  44.102  1  0   6   0  29
    0       175.015910   1490  146186  0.78702585542707     1527.202271     -273990.20607516838936    24613458.2076  44.123  1  0   6   0  29
    0       176.015911   1490  146187  0.78702605500186     1526.739136     -275517.15624676679727    24613168.2235  44.138  1  0   6   0  29
    0       177.015911   1490  146188  0.78702625492639     1526.261475     -277043.64695612981450    24612877.9332  43.947  1  0   6   0  29
    0       178.015911   1490  146189  0.78702645505403     1526.000122     -278569.69836310285609    24612587.4067  43.500  1  0   6   0  29
    0       179.015911   1490  146190  0.78702665487482     1525.588135     -280095.31197059631813    24612296.6885  43.739  1  0   6   0  29
    0       180.015911   1490  146191  0.78702685533245     1525.131470     -281620.49972295633052    24612006.0150  43.595  1  0   6   0  29
    0       181.015912   1490  146192  0.78702705614299     1524.479858     -283145.22739720536629    24611715.9071  43.431  1  0   6   0  29
    0       182.015912   1490  146193  0.78702725724349     1523.969116     -284669.51563542598160    24611426.0847  43.671  1  0   6   0  29
    0       183.015912   1490  146194  0.78702745829854     1523.514404     -286193.36585684516467    24611136.2885  43.384  1  0   6   0  29
    0       184.015912   1490  146195  0.78702765941019     1523.087280     -287716.76251186354784    24610846.7174  43.709  1  0   6   0  29
    0       185.015912   1490  146196  0.78702786121457     1522.755859     -289239.71480955329025    24610557.0567  43.683  1  0   6   0  29
    0       186.015913   1490  146197  0.78702806341898     1522.184937     -290762.23980142391520    24610267.4685  43.858  1  0   6   0  29
    0       187.015913   1490  146198  0.78702826577850     1521.852539     -292284.30265979940305    24609977.5205  43.793  1  0   6   0  29
    0       188.015913   1490  146199  0.78702846796158     1521.270264     -293805.91920987813501    24609688.1495  43.688  1  0   6   0  29
    0       189.015913   1490  146200  0.78702867001458     1520.942139     -295327.09681533422554    24609398.6669  43.377  1  0   6   0  29
    0       190.015913   1490  146201  0.78702887283808     1520.352173     -296847.83760563941905    24609109.0138  43.702  1  0   6   0  29
    0       191.015914   1490  146202  0.78702907582258     1520.137939     -298368.12430746725295    24608819.7655  43.891  1  0   6   0  29
    0       192.015914   1490  146203  0.78702927884982     1519.377563     -299887.96533463278320    24608530.8892  44.222  1  0   6   0  29
    0       193.015914   1490  146204  0.78702948198746     1519.200073     -301407.36591726064216    24608242.1676  44.187  1  0   6   0  29
    0       194.015914   1490  146205  0.78702968507344     1518.647095     -302926.31901281501632    24607953.8164  44.305  1  0   6   0  29
    0       195.015914   1490  146206  0.78702988863891     1518.254883     -304444.82698394602630    24607665.2479  44.536  1  0   6   0  29
    0       196.015915   1490  146207  0.78703009288791     1517.632446     -305962.89327314496040    24607376.5516  44.240  1  0   6   0  29
    0       197.015915   1490  146208  0.78703029695093     1517.459961     -307480.50837715651141    24607088.0075  44.318  1  0   6   0  29
    0       198.015915   1490  146209  0.78703050113750     1516.803833     -308997.68398399377475    24606799.5731  44.267  1  0   6   0  29
    0       199.015915   1490  146210  0.78703070540076     1516.598999     -310514.41865854361095    24606510.9769  44.137  1  0   6   0  29
    0       200.015915   1490  146211  0.78703091004994     1516.382080     -312030.70878170942888    24606222.4607  44.198  1  0   6   0  29
    0       201.015916   1490  146212  0.78703111510710     1515.379639     -313546.55129551421851    24605934.0824  44.255  1  0   6   0  29
    0       202.015916   1490  146213  0.78703132023914     1515.237305     -315061.94673023687210    24605645.7252  44.364  1  0   6   0  29
    0       203.015916   1490  146214  0.78703152595044     1514.776611     -316576.88206536724465    24605357.5758  44.342  1  0   6   0  29
    0       204.015916   1490  146215  0.78703173159198     1514.403931     -318091.37468043493573    24605070.0320  44.598  1  0   6   0  29
    0       205.015916   1490  146216  0.78703193746219     1513.863770     -319605.41732438362669    24604782.5688  44.395  1  0   6   0  29
    0       206.015917   1490  146217  0.78703214307344     1513.350830     -321119.03522221220192    24604494.7021  44.057  1  0   6   0  29
    0       207.015917   1490  146218  0.78703234835784     1513.032227     -322632.19431874464499    24604206.7723  43.936  1  0   6   0  29
    0       208.015917   1490  146219  0.78703255449141     1512.482666     -324144.91203345893882    24603918.8810  43.968  1  0   6   0  29
    0       209.015917   1490  146220  0.78703276094206     1512.052856     -325657.17006220546318    24603630.7871  43.970  1  0   6   0  29
    0       210.015917   1490  146221  0.78703296808641     1511.809937     -327169.00334980693879    24603342.8488  43.825  1  0   6   0  29
    0       211.015918   1490  146222  0.78703317569852     1511.341431     -328680.36888885824010    24603055.3415  43.758  1  0   6   0  29
    0       212.015918   1490  146223  0.78703338289599     1510.676758     -330191.29628502315609    24602767.9611  43.621  1  0   6   0  29
    0       213.015918   1490  146224  0.78703359057961     1510.248047     -331701.77667118475074    24602480.5303  43.941  1  0   6   0  29
    0       214.015918   1490  146225  0.78703379836863     1509.883423     -333211.80879176704912    24602193.5347  44.171  1  0   6   0  29
    0       215.015918   1490  146226  0.78703400608242     1509.280762     -334721.39335152041167    24601906.4675  44.530  1  0   6   0  29
    0       216.015919   1490  146227  0.78703421384267     1508.883179     -336230.52728628768818    24601619.8171  44.516  1  0   6   0  29
    0       217.015919   1490  146228  0.78703442201974     1508.433350     -337739.21514817629941    24601333.0099  44.837  1  0   6   0  29
    0       218.015919   1490  146229  0.78703463048217     1508.057983     -339247.45405851729447    24601045.9441  44.361  1  0   6   0  29
    0       219.015919   1490  146230  0.78703483938965     1507.482300     -340755.24497663730290    24600758.8601  44.203  1  0   6   0  29
    0       220.015920   1490  146231  0.78703504842183     1507.110229     -342262.60247939924011    24600471.7734  44.079  1  0   6   0  29
    0       221.015920   1490  146232  0.78703525747319     1506.848877     -343769.51111113466322    24600184.6000  44.074  1  0   6   0  29
    0       222.015920   1490  146233  0.78703546682830     1506.314819     -345275.96557465300430    24599897.7152  44.100  1  0   6   0  29
    0       223.015920   1490  146234  0.78703567680962     1505.976440     -346781.98570485209348    24599611.1678  44.122  1  0   6   0  29
    0       224.015920   1490  146235  0.78703588656767     1505.334839     -348287.54583277076017    24599324.8228  44.240  1  0   6   0  29
    0       225.015921   1490  146236  0.78703609673895     1504.745728     -349792.68309582193615    24599038.2800  44.111  1  0   6   0  29
    0       226.015921   1490  146237  0.78703630704161     1504.546875     -351297.35388057806995    24598751.9006  44.296  1  0   6   0  29
    0       227.015921   1490  146238  0.78703651715623     1503.859985     -352801.56317962496541    24598465.7385  44.587  1  0   6   0  29
    0       228.015921   1490  146239  0.78703672777609     1503.696045     -354305.34310129581718    24598179.5178  44.551  1  0   6   0  29
